Regulator,Target,Weight
O00232,P05783,0.012494396557741413
O00232,P05787,0.029407130660808575
O00232,P07339,0.007726719438624544
O00232,P13667,0.002065344703287052
O00232,P14174,0.04229519071373211
O00232,P14314,0.003951358033241958
O00232,P14866,0.022384531321148683
O00232,P17174,0.026313122772814362
O00232,P22061,0.0525707523353687
O00232,P23284,0.10238458091438409
O00232,P31949,0.019026760091305592
O00232,P40939,0.0028070110632052547
O00232,P50579,0.001218149683256445
O00232,P60903,0.025898794553493643
O00232,P62854,0.027060037240180367
O00232,P62888,0.02569524893967591
O00232,Q01518,0.011157304102437822
O00232,Q02790,0.14577235057368973
O00232,Q13200,0.05142238543357463
O00232,Q16629,0.010583317516538009
O00232,Q6NYC8,0.061548267637914496
O00232,Q92804,0.006581363623743036
O00232,Q96AC1,0.020969790312266055
O00232,Q99439,0.01598639886793198
O00232,Q99460,0.04421618980531384
O00232,Q99613,0.059434079518233374
O00232,Q9NZM1,0.042694393618169534
O00232,Q9UMX0,0.12143588695470121
O00232,Q9Y2W1,0.004899143013217689
P05783,O00232,0.029192345463957083
P05783,P05787,0.1402240222053228
P05783,P07339,0.044528795149780295
P05783,P13667,0.012983223374023583
P05783,P14174,0.08249665825651975
P05783,P14314,0.08463733370066473
P05783,P14866,0.019316047600878586
P05783,P17174,0.036859695353831455
P05783,P22061,0.04790405241753958
P05783,P23284,0.06470581311137073
P05783,P31949,0.06773445581503319
P05783,P40939,0.010457104210514784
P05783,P50579,0.005733981625151279
P05783,P60903,0.011428973760081292
P05783,P62854,0.020760870819909957
P05783,P62888,0.0020661746911901733
P05783,Q01518,0.0028060655500849836
P05783,Q02790,0.020373347788533773
P05783,Q13200,0.03402565769571544
P05783,Q16629,0.016817259258750165
P05783,Q6NYC8,0.015643777194370795
P05783,Q92804,0.0019626417474824516
P05783,Q96AC1,0.007396624920996987
P05783,Q99439,0.06544702172136044
P05783,Q99460,0.003051646469283073
P05783,Q99613,0.010727412919981884
P05783,Q9NZM1,0.02776462733637895
P05783,Q9UMX0,0.08834776771639694
P05783,Q9Y2W1,0.02460660212489485
P05787,O00232,0.05762800187571772
P05787,P05783,0.001570218492597126
P05787,P07339,0.011546232387606199
P05787,P13667,0.005406426642675704
P05787,P14174,0.079022858483511
P05787,P14314,0.045852389389845684
P05787,P14866,0.014538671430768566
P05787,P17174,0.03909376799888501
P05787,P22061,0.002926017790887964
P05787,P23284,0.0702893216943359
P05787,P31949,0.05175343639026946
P05787,P40939,0.021534334930666414
P05787,P50579,0.0024825266605163912
P05787,P60903,0.019659637450432095
P05787,P62854,0.026993399524197683
P05787,P62888,0.021973388078012305
P05787,Q01518,0.002656631169883729
P05787,Q02790,0.04385104098565569
P05787,Q13200,0.02632915047252192
P05787,Q16629,0.017990440232302413
P05787,Q6NYC8,0.018765874488116178
P05787,Q92804,0.006082055047745538
P05787,Q96AC1,0.05038374753983439
P05787,Q99439,0.0664307930608464
P05787,Q99460,0.03890546117543546
P05787,Q99613,0.03178082960511828
P05787,Q9NZM1,0.11998797943389357
P05787,Q9UMX0,0.08454009861012107
P05787,Q9Y2W1,0.020025268957600293
P07339,O00232,0.07714485807023855
P07339,P05783,0.008916911202225292
P07339,P05787,0.012113023725239811
P07339,P13667,0.06319317528316173
P07339,P14174,0.026480434016599316
P07339,P14314,0.04792278541350268
P07339,P14866,0.018908326821908333
P07339,P17174,0.023772713028650964
P07339,P22061,0.057151223167480454
P07339,P23284,0.004872495130142692
P07339,P31949,0.02940211255702947
P07339,P40939,0.08947874018628474
P07339,P50579,0.027430956354575153
P07339,P60903,0.02921917630148234
P07339,P62854,0.005733947980417538
P07339,P62888,0.012933255413368457
P07339,Q01518,0.08521531992521796
P07339,Q02790,0.0273605601913971
P07339,Q13200,0.034672110792064136
P07339,Q16629,0.026038456318633326
P07339,Q6NYC8,0.012460606120891171
P07339,Q92804,0.045206905886613837
P07339,Q96AC1,0.1397141795740984
P07339,Q99439,0.023335077505158428
P07339,Q99460,0.020324792267372792
P07339,Q99613,0.00220750413312788
P07339,Q9NZM1,0.015777497675595272
P07339,Q9UMX0,0.013199354626866625
P07339,Q9Y2W1,0.01981350033065562
P13667,O00232,0.024675828764511607
P13667,P05783,0.07259582644851446
P13667,P05787,0.08386392930497305
P13667,P07339,0.031148965686384887
P13667,P14174,0.005471775511128538
P13667,P14314,0.07226646955261845
P13667,P14866,0.0017502440810238475
P13667,P17174,0.02589403452738534
P13667,P22061,0.01870137160491645
P13667,P23284,0.10503042966690578
P13667,P31949,0.016729131856601128
P13667,P40939,0.006482572901801962
P13667,P50579,0.013037829772218307
P13667,P60903,0.15136983834777157
P13667,P62854,0.060539329440507335
P13667,P62888,0.009837919395260974
P13667,Q01518,0.023545761392351986
P13667,Q02790,0.0068859259043852735
P13667,Q13200,0.006327699210627893
P13667,Q16629,0.002247966020477193
P13667,Q6NYC8,0.07888096027690988
P13667,Q92804,0.00603000233754759
P13667,Q96AC1,0.0005543395013578243
P13667,Q99439,0.03271053592132864
P13667,Q99460,0.0034390804050707857
P13667,Q99613,0.10066294216386674
P13667,Q9NZM1,0.0007721157241106276
P13667,Q9UMX0,0.005429402323597394
P13667,Q9Y2W1,0.03311777195584449
P14174,O00232,0.025364217890870937
P14174,P05783,0.005143519725992321
P14174,P05787,0.017369701396140663
P14174,P07339,0.013216780534602958
P14174,P13667,0.010211647932258176
P14174,P14314,0.017784633923045513
P14174,P14866,0.010264963202856189
P14174,P17174,0.022267696092058243
P14174,P22061,0.03616974390634234
P14174,P23284,0.0030671155461362114
P14174,P31949,0.05377852499721136
P14174,P40939,0.018847228506421666
P14174,P50579,0.01972422353807803
P14174,P60903,0.02017398903763888
P14174,P62854,0.12024296331249361
P14174,P62888,0.009691240018273787
P14174,Q01518,0.010052330801128157
P14174,Q02790,0.02009039157281204
P14174,Q13200,0.09509532002441619
P14174,Q16629,0.0404243921143058
P14174,Q6NYC8,0.04688012152455683
P14174,Q92804,0.0028462704103340963
P14174,Q96AC1,0.0119466170836502
P14174,Q99439,0.06901925164634563
P14174,Q99460,0.02140636042250287
P14174,Q99613,0.1362300560024043
P14174,Q9NZM1,0.055073545554083524
P14174,Q9UMX0,0.02529868724029054
P14174,Q9Y2W1,0.06231846604274916
P14314,O00232,0.034006103064844154
P14314,P05783,0.057369266045041736
P14314,P05787,0.024004608556301644
P14314,P07339,0.029187238612346175
P14314,P13667,0.026841735730928545
P14314,P14174,0.005664217246007938
P14314,P14866,0.009576922771964164
P14314,P17174,0.04086198282480776
P14314,P22061,0.0052184333464789364
P14314,P23284,0.04676930440080326
P14314,P31949,0.027891043843781733
P14314,P40939,0.04754742979097511
P14314,P50579,0.06090065311294782
P14314,P60903,0.07912131574619241
P14314,P62854,0.06555341904141657
P14314,P62888,0.023791383886450787
P14314,Q01518,0.013961737488775487
P14314,Q02790,0.008337838296603554
P14314,Q13200,0.015057338252096373
P14314,Q16629,0.01866192533073105
P14314,Q6NYC8,0.0725935041254068
P14314,Q92804,0.056299868251066636
P14314,Q96AC1,0.04977729014253014
P14314,Q99439,0.03450519924462446
P14314,Q99460,0.02661641575279169
P14314,Q99613,0.10360082379968319
P14314,Q9NZM1,0.0012092113566319145
P14314,Q9UMX0,0.006313075001109228
P14314,Q9Y2W1,0.008760714936660701
P14866,O00232,0.05314576011020246
P14866,P05783,0.01587455666826804
P14866,P05787,0.02206043234376371
P14866,P07339,0.028287078682886112
P14866,P13667,0.016901895955498788
P14866,P14174,0.02002058934931346
P14866,P14314,0.012347329526090224
P14866,P17174,0.01150818663524702
P14866,P22061,0.014917402879006194
P14866,P23284,0.08989856753163618
P14866,P31949,0.012712517905182146
P14866,P40939,0.013647361225882466
P14866,P50579,0.007597431438501756
P14866,P60903,0.060506212773120696
P14866,P62854,0.09627118119291712
P14866,P62888,0.07345524841129834
P14866,Q01518,0.0006792190859841606
P14866,Q02790,0.0317471872547365
P14866,Q13200,0.04282312912186715
P14866,Q16629,0.03574688986230343
P14866,Q6NYC8,0.0879793586745334
P14866,Q92804,0.005932166612392297
P14866,Q96AC1,0.020369279120270187
P14866,Q99439,0.003439536924039915
P14866,Q99460,0.03998786055751356
P14866,Q99613,0.11009765984972841
P14866,Q9NZM1,0.017028276169243163
P14866,Q9UMX0,0.004918591853084917
P14866,Q9Y2W1,0.05009909228548815
P17174,O00232,0.038509257890101484
P17174,P05783,0.036087092650886374
P17174,P05787,0.023140692096395136
P17174,P07339,0.07235815875867885
P17174,P13667,0.023329739498158288
P17174,P14174,0.0499253071534854
P17174,P14314,0.02772661687525131
P17174,P14866,0.09908028929060722
P17174,P22061,0.07250666378487539
P17174,P23284,0.005940814303020476
P17174,P31949,0.024324199202816324
P17174,P40939,0.01194320199425892
P17174,P50579,0.006586122747059197
P17174,P60903,0.007333438400917298
P17174,P62854,0.007161963758297231
P17174,P62888,0.037947677918621296
P17174,Q01518,0.008656553151688643
P17174,Q02790,0.10870711284123033
P17174,Q13200,0.014837984218308134
P17174,Q16629,0.020602349880473724
P17174,Q6NYC8,0.048257049560136635
P17174,Q92804,0.0114415103892313
P17174,Q96AC1,0.01845855368584539
P17174,Q99439,0.020414046268974455
P17174,Q99460,0.008756526966615764
P17174,Q99613,0.011115382879807158
P17174,Q9NZM1,0.05521942028338751
P17174,Q9UMX0,0.11673003214677902
P17174,Q9Y2W1,0.012902241404091783
P22061,O00232,0.03555046112548959
P22061,P05783,0.08194181264883547
P22061,P05787,0.1344362532454615
P22061,P07339,0.07225945001893377
P22061,P13667,0.00427387716230782
P22061,P14174,0.12143700202931437
P22061,P14314,0.029740979419027227
P22061,P14866,0.0028723196325548144
P22061,P17174,0.015310783075166425
P22061,P23284,0.022052313294239467
P22061,P31949,0.010502892482164513
P22061,P40939,0.02301114903310971
P22061,P50579,0.012738241318294586
P22061,P60903,0.014305857054599677
P22061,P62854,0.012575188686410027
P22061,P62888,0.029210362655695158
P22061,Q01518,0.007996760166826204
P22061,Q02790,0.046229969296971776
P22061,Q13200,0.016989558472642493
P22061,Q16629,0.0067432028968707775
P22061,Q6NYC8,0.07575669365904895
P22061,Q92804,0.014311515849843593
P22061,Q96AC1,0.0037260914159057933
P22061,Q99439,0.05281885795002336
P22061,Q99460,0.03214750985671861
P22061,Q99613,0.016410285208908644
P22061,Q9NZM1,0.0788172226583287
P22061,Q9UMX0,0.020198382780720784
P22061,Q9Y2W1,0.005635006905585995
P23284,O00232,0.021157131555216497
P23284,P05783,0.036260246651331575
P23284,P05787,0.008754283772539352
P23284,P07339,0.017286992753673545
P23284,P13667,0.03801103449947164
P23284,P14174,0.05080975933057598
P23284,P14314,0.014900182410814993
P23284,P14866,0.069167244660202
P23284,P17174,0.05016673632464034
P23284,P22061,0.0207172457483406
P23284,P31949,0.011934851786917207
P23284,P40939,0.19452572343356683
P23284,P50579,0.061942142514168
P23284,P60903,0.009811843348392245
P23284,P62854,0.0039685096143315364
P23284,P62888,0.03507232712367781
P23284,Q01518,0.013912383804342954
P23284,Q02790,0.005101775485850582
P23284,Q13200,0.037370034892248875
P23284,Q16629,0.007346959410059068
P23284,Q6NYC8,0.009951083298800116
P23284,Q92804,0.04111008781349777
P23284,Q96AC1,0.04935822983546208
P23284,Q99439,0.08427548093111797
P23284,Q99460,0.011274379466501134
P23284,Q99613,0.003434288587877826
P23284,Q9NZM1,0.05780401141133776
P23284,Q9UMX0,0.0161132193848869
P23284,Q9Y2W1,0.01846181015015691
P31949,O00232,0.0058044558816823565
P31949,P05783,0.041388159060365706
P31949,P05787,0.13697075021779848
P31949,P07339,0.06199658938485543
P31949,P13667,0.053283076984452296
P31949,P14174,0.025414240460170153
P31949,P14314,0.18802809198166198
P31949,P14866,0.008383050350800718
P31949,P17174,0.00241507167912926
P31949,P22061,0.006345706143541126
P31949,P23284,0.030897662180894177
P31949,P40939,0.01633129664709954
P31949,P50579,0.009523546010769308
P31949,P60903,0.009418725886321673
P31949,P62854,0.02209820687483699
P31949,P62888,0.007679154000433964
P31949,Q01518,0.118949400421053
P31949,Q02790,0.000899123013016578
P31949,Q13200,0.01718755826064949
P31949,Q16629,0.026337146480490178
P31949,Q6NYC8,0.04797780634053113
P31949,Q92804,0.017529704614453103
P31949,Q96AC1,0.021912890481796517
P31949,Q99439,0.08302647510639813
P31949,Q99460,0.004997980920852198
P31949,Q99613,0.009123699624955673
P31949,Q9NZM1,0.00389592064218845
P31949,Q9UMX0,0.01357874688219244
P31949,Q9Y2W1,0.008605763466610059
P40939,O00232,0.027314106734437394
P40939,P05783,0.05274746380203872
P40939,P05787,0.11672941684471601
P40939,P07339,0.004936139653056725
P40939,P13667,0.03802611791964845
P40939,P14174,0.012380323970602436
P40939,P14314,0.02276788899238446
P40939,P14866,8.736015635357548e-05
P40939,P17174,0.04804164442048975
P40939,P22061,0.005772972988080494
P40939,P23284,0.08670830059745627
P40939,P31949,0.019696770347348052
P40939,P50579,0.006231608366592542
P40939,P60903,0.1090620156444886
P40939,P62854,0.09223919895240121
P40939,P62888,0.001281277121126074
P40939,Q01518,0.04625654267597325
P40939,Q02790,0.002997588738559965
P40939,Q13200,0.017141053208628812
P40939,Q16629,0.00871489831513297
P40939,Q6NYC8,0.052867766769189785
P40939,Q92804,0.003012528195429651
P40939,Q96AC1,0.0036021184352557326
P40939,Q99439,0.07207791923462191
P40939,Q99460,0.017206468454970276
P40939,Q99613,0.10431207388095516
P40939,Q9NZM1,0.006513134058095267
P40939,Q9UMX0,0.010910229999833848
P40939,Q9Y2W1,0.010365071522132745
P50579,O00232,0.030347050113742568
P50579,P05783,0.10100893761618375
P50579,P05787,0.03360486778143694
P50579,P07339,0.056335313716820046
P50579,P13667,0.011821332144648084
P50579,P14174,0.0038640232076882297
P50579,P14314,0.14139826179965617
P50579,P14866,0.02501021234888833
P50579,P17174,0.03546341415232045
P50579,P22061,0.00781706703601056
P50579,P23284,0.042268295591973
P50579,P31949,0.026290816215503766
P50579,P40939,0.08852885776693345
P50579,P60903,0.03018733591756602
P50579,P62854,0.020765491285440366
P50579,P62888,0.029403701317288453
P50579,Q01518,0.03793557492090641
P50579,Q02790,0.03455842059643461
P50579,Q13200,0.0004274292952469241
P50579,Q16629,0.06581840244576184
P50579,Q6NYC8,0.014583076595885269
P50579,Q92804,0.024129829281146497
P50579,Q96AC1,0.0368762448876265
P50579,Q99439,0.00941665365128012
P50579,Q99460,0.035766519134253355
P50579,Q99613,0.00243735628213056
P50579,Q9NZM1,0.003765961982939188
P50579,Q9UMX0,0.03683122025306468
P50579,Q9Y2W1,0.013338332661223829
P60903,O00232,0.06022654925701771
P60903,P05783,0.017521402016357338
P60903,P05787,0.013832360698275451
P60903,P07339,0.015075061124824062
P60903,P13667,0.031221933786093305
P60903,P14174,0.05562884528199175
P60903,P14314,0.0038674261235953824
P60903,P14866,0.0019254872702622221
P60903,P17174,0.004397707947234486
P60903,P22061,0.04106185568335218
P60903,P23284,0.019591583620472575
P60903,P31949,0.05396815586969806
P60903,P40939,0.03213714894151052
P60903,P50579,0.03567246728354587
P60903,P62854,0.02871880237387899
P60903,P62888,0.0037094916003812513
P60903,Q01518,0.15880202763627893
P60903,Q02790,0.026938311514160408
P60903,Q13200,0.007723840051257626
P60903,Q16629,0.02291931532157908
P60903,Q6NYC8,0.1961138115027895
P60903,Q92804,0.027426039787492622
P60903,Q96AC1,0.042229160128989
P60903,Q99439,0.02281723883590887
P60903,Q99460,0.003269676317895722
P60903,Q99613,0.0009716033465263464
P60903,Q9NZM1,0.001455259637998641
P60903,Q9UMX0,0.03484774760389881
P60903,Q9Y2W1,0.03592968943673317
P62854,O00232,0.009892614138885562
P62854,P05783,0.03835239775550308
P62854,P05787,0.0435771314378876
P62854,P07339,0.03985417990767075
P62854,P13667,0.01324427004085674
P62854,P14174,0.0798601710380975
P62854,P14314,0.012946738025094686
P62854,P14866,0.04473927529423409
P62854,P17174,0.00800365145455862
P62854,P22061,0.01290334417684017
P62854,P23284,0.014186156829639151
P62854,P31949,0.03757372695824562
P62854,P40939,0.0005625571518107404
P62854,P50579,0.010480664086140856
P62854,P60903,0.03020592711668463
P62854,P62888,0.02107630711294057
P62854,Q01518,0.0041177351118565205
P62854,Q02790,0.11229493363696072
P62854,Q13200,0.06001281066990626
P62854,Q16629,0.044387074336839444
P62854,Q6NYC8,0.025430402596218524
P62854,Q92804,0.004722167912084805
P62854,Q96AC1,0.004432030987602434
P62854,Q99439,0.09510590224243838
P62854,Q99460,0.03139143816737995
P62854,Q99613,0.08831120305726704
P62854,Q9NZM1,0.026060381466737836
P62854,Q9UMX0,0.02296786339027141
P62854,Q9Y2W1,0.06330694389934623
P62888,O00232,0.035037196457950046
P62888,P05783,0.007388567716302613
P62888,P05787,0.010597962174246639
P62888,P07339,0.023115216750508844
P62888,P13667,0.03168093111480437
P62888,P14174,0.02263417275365164
P62888,P14314,0.01549168103575232
P62888,P14866,0.04582856072716321
P62888,P17174,0.010027347275112572
P62888,P22061,0.0477908428220707
P62888,P23284,0.04437840339297556
P62888,P31949,0.014708662838928832
P62888,P40939,0.011830929985844552
P62888,P50579,0.0008882846288190343
P62888,P60903,0.018178180056526307
P62888,P62854,0.05594292291029467
P62888,Q01518,0.021809276955736916
P62888,Q02790,0.134675685188646
P62888,Q13200,0.03469837131359761
P62888,Q16629,0.041692579127439205
P62888,Q6NYC8,0.06438646798243569
P62888,Q92804,0.003571978557232966
P62888,Q96AC1,0.010202906567728853
P62888,Q99439,0.02720619557382531
P62888,Q99460,0.05587189262649316
P62888,Q99613,0.09247955547221126
P62888,Q9NZM1,0.049903792758464155
P62888,Q9UMX0,0.06498716654958199
P62888,Q9Y2W1,0.002994268685654946
Q01518,O00232,0.009636596838774153
Q01518,P05783,0.017238980322816712
Q01518,P05787,0.009419276151462121
Q01518,P07339,0.006246098710123233
Q01518,P13667,0.03314268449865327
Q01518,P14174,0.02104924391971185
Q01518,P14314,0.003840548715321681
Q01518,P14866,0.008045171244190314
Q01518,P17174,0.02843527966841002
Q01518,P22061,0.013516374721501804
Q01518,P23284,0.06336303949856029
Q01518,P31949,0.07614437397644751
Q01518,P40939,0.030226480116321074
Q01518,P50579,0.06175109497533696
Q01518,P60903,0.0760835563873165
Q01518,P62854,0.0471884947730703
Q01518,P62888,0.018104864745885095
Q01518,Q02790,0.029484666799991423
Q01518,Q13200,0.01664866066870616
Q01518,Q16629,0.010053263797237852
Q01518,Q6NYC8,0.018130884809553948
Q01518,Q92804,0.1968167890457257
Q01518,Q96AC1,0.020137717220639194
Q01518,Q99439,0.10056912699576463
Q01518,Q99460,0.022527231977637088
Q01518,Q99613,0.021582657719456406
Q01518,Q9NZM1,0.019110693189818354
Q01518,Q9UMX0,0.007853694463332096
Q01518,Q9Y2W1,0.013652454048234348
Q02790,O00232,0.03079333884844145
Q02790,P05783,0.006547658083154901
Q02790,P05787,0.03390823610723802
Q02790,P07339,0.005752171611668265
Q02790,P13667,0.0031360617748272404
Q02790,P14174,0.13500753920052114
Q02790,P14314,0.004046563388766328
Q02790,P14866,0.053317389409437775
Q02790,P17174,0.02327001058391974
Q02790,P22061,0.023901982706382004
Q02790,P23284,0.001599429506721422
Q02790,P31949,0.011277558548240633
Q02790,P40939,0.015609343295806925
Q02790,P50579,0.003219364276000727
Q02790,P60903,0.013222652189661217
Q02790,P62854,0.11650746616115387
Q02790,P62888,0.06435975154443647
Q02790,Q01518,0.004337855909598158
Q02790,Q13200,0.061316507464079364
Q02790,Q16629,0.013166980395143623
Q02790,Q6NYC8,0.0013021712539081423
Q02790,Q92804,0.01612300513580094
Q02790,Q96AC1,0.028098975247303173
Q02790,Q99439,0.013698708278111735
Q02790,Q99460,0.0980410174671888
Q02790,Q99613,0.07514415279780715
Q02790,Q9NZM1,0.07527543101861411
Q02790,Q9UMX0,0.04432830485292121
Q02790,Q9Y2W1,0.02369037294314556
Q13200,O00232,0.04044703547178684
Q13200,P05783,0.07217671224434304
Q13200,P05787,0.020844865591924583
Q13200,P07339,0.03695001211464446
Q13200,P13667,0.06923449025375401
Q13200,P14174,0.011538987675286418
Q13200,P14314,0.021428063315415104
Q13200,P14866,0.017455600019210177
Q13200,P17174,0.012445234158430539
Q13200,P22061,0.003178123261032217
Q13200,P23284,0.07802368209844729
Q13200,P31949,0.008274781068523562
Q13200,P40939,0.047191904519300686
Q13200,P50579,0.027690204353294882
Q13200,P60903,0.06112811410092439
Q13200,P62854,0.06150139267177244
Q13200,P62888,0.03965761802563254
Q13200,Q01518,0.020435517513715022
Q13200,Q02790,0.019966918772262816
Q13200,Q16629,0.029611858092968353
Q13200,Q6NYC8,0.08814601200139055
Q13200,Q92804,0.013473486476268387
Q13200,Q96AC1,0.009665329582284025
Q13200,Q99439,0.023950970319317547
Q13200,Q99460,0.050446785769341036
Q13200,Q99613,0.08000455844590153
Q13200,Q9NZM1,0.00017352026473883988
Q13200,Q9UMX0,0.025449293969677735
Q13200,Q9Y2W1,0.009508927848410974
Q16629,O00232,0.011154727627176791
Q16629,P05783,0.044206966017510584
Q16629,P05787,0.029915794619728688
Q16629,P07339,0.021592015487876804
Q16629,P13667,0.06801193166826343
Q16629,P14174,0.06995731934394091
Q16629,P14314,0.011015500024884295
Q16629,P14866,0.003574373059189138
Q16629,P17174,0.030422433677618786
Q16629,P22061,0.010812292152822374
Q16629,P23284,0.047912603083154766
Q16629,P31949,0.048448645210302684
Q16629,P40939,0.035677375720262444
Q16629,P50579,0.01015017966568084
Q16629,P60903,0.048580699407635944
Q16629,P62854,0.050922085810689424
Q16629,P62888,0.0022635309514045564
Q16629,Q01518,0.04621481169286203
Q16629,Q02790,0.04050913262792721
Q16629,Q13200,0.04751020019891317
Q16629,Q6NYC8,0.07437089288838448
Q16629,Q92804,0.00876848940285427
Q16629,Q96AC1,0.00151867882653369
Q16629,Q99439,0.07013576126074013
Q16629,Q99460,0.004096596776954403
Q16629,Q99613,0.08403164869621976
Q16629,Q9NZM1,0.0008663123397406881
Q16629,Q9UMX0,0.014921767742826029
Q16629,Q9Y2W1,0.06243723401790166
Q6NYC8,O00232,0.04007474670186961
Q6NYC8,P05783,0.033033143257394135
Q6NYC8,P05787,0.029475889772001034
Q6NYC8,P07339,0.03156614415613852
Q6NYC8,P13667,0.016039941943491034
Q6NYC8,P14174,0.03553729702577416
Q6NYC8,P14314,0.020739966842766647
Q6NYC8,P14866,0.024284792586881623
Q6NYC8,P17174,0.013053125578501487
Q6NYC8,P22061,0.013018305992002242
Q6NYC8,P23284,0.009287116367859708
Q6NYC8,P31949,0.02225656644254147
Q6NYC8,P40939,0.04697088843858864
Q6NYC8,P50579,0.005392582851527455
Q6NYC8,P60903,0.0016046347384876482
Q6NYC8,P62854,0.020979916018121297
Q6NYC8,P62888,0.0017645404678352883
Q6NYC8,Q01518,0.03200626846089141
Q6NYC8,Q02790,0.2023154404192971
Q6NYC8,Q13200,0.020954421251760967
Q6NYC8,Q16629,0.021359861059687364
Q6NYC8,Q92804,0.0010247833884054023
Q6NYC8,Q96AC1,0.009532166849599134
Q6NYC8,Q99439,0.042159479194498015
Q6NYC8,Q99460,0.009332296849527145
Q6NYC8,Q99613,0.03201633828785183
Q6NYC8,Q9NZM1,0.15338620377816323
Q6NYC8,Q9UMX0,0.0912742582838266
Q6NYC8,Q9Y2W1,0.019558882994709925
Q92804,O00232,0.008672433441923606
Q92804,P05783,0.0371892333015932
Q92804,P05787,0.09226435956540052
Q92804,P07339,0.06852392970316207
Q92804,P13667,0.01680788845438117
Q92804,P14174,0.015349037757072024
Q92804,P14314,0.24962384678359953
Q92804,P14866,0.003826696482649453
Q92804,P17174,0.043564498391400586
Q92804,P22061,0.01737273204272061
Q92804,P23284,0.04933256661085009
Q92804,P31949,0.040561909442112826
Q92804,P40939,0.020234804729855758
Q92804,P50579,0.030706649167893216
Q92804,P60903,0.005039218193242937
Q92804,P62854,0.02485747737807189
Q92804,P62888,0.0027365622075302865
Q92804,Q01518,0.019393631458760722
Q92804,Q02790,0.02642882061702907
Q92804,Q13200,0.016809249647810987
Q92804,Q16629,0.025388998518301675
Q92804,Q6NYC8,0.038075380573743066
Q92804,Q96AC1,0.005112582018324887
Q92804,Q99439,0.027844844055666645
Q92804,Q99460,0.0008997296424919369
Q92804,Q99613,0.03447900502527572
Q92804,Q9NZM1,0.009169557378743684
Q92804,Q9UMX0,0.01573405358967426
Q92804,Q9Y2W1,0.054000303820717604
Q96AC1,O00232,0.02628614387503514
Q96AC1,P05783,0.01596379175939323
Q96AC1,P05787,0.0026393053001201117
Q96AC1,P07339,0.004797516402087361
Q96AC1,P13667,0.007637613873152654
Q96AC1,P14174,0.007764102246648118
Q96AC1,P14314,0.005265610607523011
Q96AC1,P14866,0.02876044633631842
Q96AC1,P17174,0.03573283053640552
Q96AC1,P22061,0.11406831890887452
Q96AC1,P23284,0.06253455875762359
Q96AC1,P31949,0.012330148268005235
Q96AC1,P40939,0.027159412989921722
Q96AC1,P50579,0.020172307066551962
Q96AC1,P60903,0.07741065388842895
Q96AC1,P62854,0.06902118103734027
Q96AC1,P62888,0.018388636051277343
Q96AC1,Q01518,0.013531725097902039
Q96AC1,Q02790,0.09653251554302761
Q96AC1,Q13200,0.01687189923436285
Q96AC1,Q16629,0.02672260504519379
Q96AC1,Q6NYC8,0.08200170526328705
Q96AC1,Q92804,0.04973176933189726
Q96AC1,Q99439,0.007246571127976617
Q96AC1,Q99460,0.022364706811163287
Q96AC1,Q99613,0.044537009155732186
Q96AC1,Q9NZM1,0.03607751774322599
Q96AC1,Q9UMX0,0.059004552272580495
Q96AC1,Q9Y2W1,0.009444845468943636
Q99439,O00232,0.030472409569896435
Q99439,P05783,0.010517201745089664
Q99439,P05787,0.028630477434455043
Q99439,P07339,0.025083958619570832
Q99439,P13667,0.0050475632563808
Q99439,P14174,0.04984737898101473
Q99439,P14314,0.04060211225058512
Q99439,P14866,0.012480218705335317
Q99439,P17174,0.023170954228237263
Q99439,P22061,0.007754054935841176
Q99439,P23284,0.01877377252518705
Q99439,P31949,0.03726693851482737
Q99439,P40939,0.010794058856146588
Q99439,P50579,0.032509171772009585
Q99439,P60903,0.030986650334836687
Q99439,P62854,0.033378349220487054
Q99439,P62888,0.012135693945252579
Q99439,Q01518,0.025236548767013547
Q99439,Q02790,0.05392273239978056
Q99439,Q13200,0.09140694199566333
Q99439,Q16629,0.09896428815546654
Q99439,Q6NYC8,0.06276680820173937
Q99439,Q92804,0.012700324121206513
Q99439,Q96AC1,0.026845834471032937
Q99439,Q99460,0.008998560968874364
Q99439,Q99613,0.05802177556531429
Q99439,Q9NZM1,0.046819310254357205
Q99439,Q9UMX0,0.027552469953400483
Q99439,Q9Y2W1,0.07731344025099757
Q99460,O00232,0.015823949856298054
Q99460,P05783,0.010201171865911216
Q99460,P05787,0.006378714639224353
Q99460,P07339,0.03607704154720861
Q99460,P13667,0.009486581818627044
Q99460,P14174,0.023191166899137028
Q99460,P14314,0.010175363009948464
Q99460,P14866,0.027978009749405564
Q99460,P17174,0.004690207119073977
Q99460,P22061,0.04050838589127714
Q99460,P23284,0.13431580065731652
Q99460,P31949,0.011215479985069951
Q99460,P40939,0.009111645938256809
Q99460,P50579,0.010702647021177522
Q99460,P60903,0.061342571906638665
Q99460,P62854,0.1439074510083248
Q99460,P62888,0.026581326427168265
Q99460,Q01518,0.008450440775154937
Q99460,Q02790,0.01789264841720718
Q99460,Q13200,0.05367211399687627
Q99460,Q16629,0.02633240273686588
Q99460,Q6NYC8,0.10798163420788434
Q99460,Q92804,0.011970248299673976
Q99460,Q96AC1,0.004993709051678763
Q99460,Q99439,0.0027560712207836346
Q99460,Q99613,0.11656171314055225
Q99460,Q9NZM1,0.029763558620457823
Q99460,Q9UMX0,0.03518785239318722
Q99460,Q9Y2W1,0.002750091799613735
Q99613,O00232,0.014563032283071367
Q99613,P05783,0.00524208041375996
Q99613,P05787,0.02844974677043706
Q99613,P07339,0.03435437895338541
Q99613,P13667,0.012798798748065209
Q99613,P14174,0.06033372637660024
Q99613,P14314,0.018558402337213214
Q99613,P14866,0.01582438211351306
Q99613,P17174,0.02210366861721643
Q99613,P22061,0.01703780415038507
Q99613,P23284,0.05510294616625878
Q99613,P31949,0.01995810898889989
Q99613,P40939,0.005915998560128232
Q99613,P50579,0.008256783966065547
Q99613,P60903,0.05006116882209556
Q99613,P62854,0.10553217832700229
Q99613,P62888,0.020795116955123635
Q99613,Q01518,0.0010553452002320834
Q99613,Q02790,0.012579031882168346
Q99613,Q13200,0.060857596585781874
Q99613,Q16629,0.11951694817084775
Q99613,Q6NYC8,0.0923883879084089
Q99613,Q92804,0.021869851017811037
Q99613,Q96AC1,0.004390652558797716
Q99613,Q99439,0.0729183319812748
Q99613,Q99460,0.021119607048201365
Q99613,Q9NZM1,0.026707882682948967
Q99613,Q9UMX0,0.02467309083643602
Q99613,Q9Y2W1,0.047034951577869966
Q9NZM1,O00232,0.037758427131883286
Q9NZM1,P05783,0.022485614172599137
Q9NZM1,P05787,0.03430350421538803
Q9NZM1,P07339,0.0023464596603478115
Q9NZM1,P13667,0.03692505828236123
Q9NZM1,P14174,0.11012812579335735
Q9NZM1,P14314,0.011068026714360869
Q9NZM1,P14866,0.041968643215515994
Q9NZM1,P17174,0.003273615364094924
Q9NZM1,P22061,0.03255958622272791
Q9NZM1,P23284,0.0015014775320174993
Q9NZM1,P31949,0.020809468436242772
Q9NZM1,P40939,0.012830403290828568
Q9NZM1,P50579,0.0009420843355835237
Q9NZM1,P60903,0.014732123323997917
Q9NZM1,P62854,0.07470551841590342
Q9NZM1,P62888,0.05703988890233288
Q9NZM1,Q01518,0.002029692881753372
Q9NZM1,Q02790,0.04649772167760115
Q9NZM1,Q13200,0.060474845442446024
Q9NZM1,Q16629,0.03591069203215702
Q9NZM1,Q6NYC8,0.010302594914026325
Q9NZM1,Q92804,0.018842174634241954
Q9NZM1,Q96AC1,0.024504639083787888
Q9NZM1,Q99439,0.02055534810253206
Q9NZM1,Q99460,0.07509822533309658
Q9NZM1,Q99613,0.06640749799667828
Q9NZM1,Q9UMX0,0.11243526869337424
Q9NZM1,Q9Y2W1,0.011563274198761797
Q9UMX0,O00232,0.026766061464734835
Q9UMX0,P05783,0.022918016675447975
Q9UMX0,P05787,0.06685051650798307
Q9UMX0,P07339,0.018148703046654238
Q9UMX0,P13667,0.008903301521776555
Q9UMX0,P14174,0.14911227678567973
Q9UMX0,P14314,0.007340395927228579
Q9UMX0,P14866,0.041122049053295424
Q9UMX0,P17174,0.010351416025883823
Q9UMX0,P22061,0.04236644779822857
Q9UMX0,P23284,0.008897041829540556
Q9UMX0,P31949,0.01652827019188708
Q9UMX0,P40939,0.006039373412988793
Q9UMX0,P50579,0.002157015692980877
Q9UMX0,P60903,0.025658392877259174
Q9UMX0,P62854,0.045946341111462834
Q9UMX0,P62888,0.06027921533083556
Q9UMX0,Q01518,0.009716706202485402
Q9UMX0,Q02790,0.10804042079571895
Q9UMX0,Q13200,0.04565291623939002
Q9UMX0,Q16629,0.017291492327519486
Q9UMX0,Q6NYC8,0.015121050543792007
Q9UMX0,Q92804,0.01180770753494896
Q9UMX0,Q96AC1,0.0033069934535433364
Q9UMX0,Q99439,0.06862953033261988
Q9UMX0,Q99460,0.03488260749965099
Q9UMX0,Q99613,0.022922052158624244
Q9UMX0,Q9NZM1,0.09914841241712255
Q9UMX0,Q9Y2W1,0.0040952752407165515
Q9Y2W1,O00232,0.008263481483293056
Q9Y2W1,P05783,0.02964870928439823
Q9Y2W1,P05787,0.03374488587013924
Q9Y2W1,P07339,0.05065749860496722
Q9Y2W1,P13667,0.0646273990947562
Q9Y2W1,P14174,0.03278278145202458
Q9Y2W1,P14314,0.002038763831370647
Q9Y2W1,P14866,0.013083016075917485
Q9Y2W1,P17174,0.01725675695233808
Q9Y2W1,P22061,0.025641224172956917
Q9Y2W1,P23284,0.0014077019923065374
Q9Y2W1,P31949,0.007086834139146306
Q9Y2W1,P40939,0.030819533632201607
Q9Y2W1,P50579,0.035009712379533535
Q9Y2W1,P60903,0.020619692272946844
Q9Y2W1,P62854,0.0009418278347739406
Q9Y2W1,P62888,0.031170148617883926
Q9Y2W1,Q01518,0.023885267310424407
Q9Y2W1,Q02790,0.023928332974565904
Q9Y2W1,Q13200,0.05319007352817477
Q9Y2W1,Q16629,0.010257825558120524
Q9Y2W1,Q6NYC8,0.017909128834580224
Q9Y2W1,Q92804,0.03117472615449966
Q9Y2W1,Q96AC1,0.024317661353624235
Q9Y2W1,Q99439,0.02936433039482583
Q9Y2W1,Q99460,0.008403559029742567
Q9Y2W1,Q99613,0.002989996244301181
Q9Y2W1,Q9NZM1,0.33830669855986645
Q9Y2W1,Q9UMX0,0.03147243236631971
