Regulator,Target,Weight,Sign
O15143,O94925,0.03175952403229106,
O15143,P02652,0.021946460275019508,
O15143,P04179,0.0066888826783436245,
O15143,P12956,0.06127110061933356,
O15143,P18859,0.008650167362856847,
O15143,P21281,0.003556116234229795,
O15143,P26022,0.01031321751009296,
O15143,P26447,0.06176006289391339,
O15143,P30085,0.19147240259028586,
O15143,P35222,0.009440269072857088,
O15143,P36957,0.04627603706130682,
O15143,P38606,0.004244156993185158,
O15143,P40926,0.010994306234622478,
O15143,P42765,0.015718426242866172,
O15143,P56192,0.03276706544583701,
O15143,P61981,0.036973115401179375,
O15143,P62854,0.004099283555569826,
O15143,P62917,0.041093630546670847,
O15143,Q02218,0.011918261936722217,
O15143,Q02818,0.08404627090362476,
O15143,Q07065,0.025465336626731828,
O15143,Q07866,0.017218534433212734,
O15143,Q07954,0.0003301999478264309,
O15143,Q13162,0.03649452187062595,
O15143,Q14011,0.03425478343233996,
O15143,Q15459,0.025933028994007214,
O15143,Q15843,0.0036563913442418656,
O15143,Q96L92,0.016904341672540627,
O15143,Q9H0U4,0.021491111884032608,
O15143,Q9UHD8,0.04465136993896549,
O15143,Q9UJZ1,0.020214011845445,
O15143,Q9UNH7,0.029433242602165285,
O15143,Q9Y3D6,0.0009922362400289963,
O94925,O15143,0.04843890062065166,
O94925,P02652,0.02109405158476693,
O94925,P04179,0.019494658892736685,
O94925,P12956,0.06904106122524592,
O94925,P18859,0.07639176471578304,
O94925,P21281,0.001070331378479022,
O94925,P26022,0.03669880843667763,
O94925,P26447,0.06657503526711146,
O94925,P30085,0.059944822499706514,
O94925,P35222,0.0767884200302597,
O94925,P36957,0.04794390604655804,
O94925,P38606,0.0009812638388935688,
O94925,P40926,0.011426406705524575,
O94925,P42765,0.0012667817903521247,
O94925,P56192,0.050558765769551726,
O94925,P61981,0.01104204649397474,
O94925,P62854,0.01904199104145576,
O94925,P62917,0.04080926793959194,
O94925,Q02218,0.002357458926245336,
O94925,Q02818,0.028281406660156994,
O94925,Q07065,0.003997253793380752,
O94925,Q07866,0.04937137505904816,
O94925,Q07954,0.0031130327897277176,
O94925,Q13162,0.0005509183216822892,
O94925,Q14011,0.010775508045774646,
O94925,Q15459,0.03054558599989628,
O94925,Q15843,0.0033311997279501957,
O94925,Q96L92,0.0009085371713061842,
O94925,Q9H0U4,0.08516781763944167,
O94925,Q9UHD8,0.03846617063993753,
O94925,Q9UJZ1,0.004041780225197388,
O94925,Q9UNH7,0.02053199418920797,
O94925,Q9Y3D6,0.020593899211032548,
P02652,O15143,0.0032963689726722614,
P02652,O94925,0.021673684226792875,
P02652,P04179,0.01830049252518356,
P02652,P12956,0.02924325019955254,
P02652,P18859,0.010237120951546323,
P02652,P21281,0.010135731443050718,
P02652,P26022,0.009609515352338874,
P02652,P26447,0.010023983452487633,
P02652,P30085,0.0586195118953131,
P02652,P35222,0.016848799656238526,
P02652,P36957,0.025042892182373103,
P02652,P38606,0.03269894327316806,
P02652,P40926,0.04634931796683702,
P02652,P42765,0.028423166397166532,
P02652,P56192,0.1280338868879507,
P02652,P61981,0.04105221464409297,
P02652,P62854,0.06509069631525849,
P02652,P62917,0.015933551301528827,
P02652,Q02218,0.0028687713990321467,
P02652,Q02818,0.04027663258344423,
P02652,Q07065,0.019538140528255997,
P02652,Q07866,0.028274485368511446,
P02652,Q07954,0.005358210243139985,
P02652,Q13162,0.031673630512648286,
P02652,Q14011,0.002260866599214063,
P02652,Q15459,0.03467535591791987,
P02652,Q15843,0.029309036611086536,
P02652,Q96L92,0.014612753616392813,
P02652,Q9H0U4,0.008264961410058369,
P02652,Q9UHD8,0.07876072859124063,
P02652,Q9UJZ1,0.0166247691074499,
P02652,Q9UNH7,0.0628920836679878,
P02652,Q9Y3D6,0.019252045215158147,
P04179,O15143,0.03480305671879169,
P04179,O94925,0.03624830954471682,
P04179,P02652,0.03127567913348172,
P04179,P12956,0.0007826119775230064,
P04179,P18859,0.010645768123613354,
P04179,P21281,0.010920434325626997,
P04179,P26022,0.04188101668017508,
P04179,P26447,0.04335442762534547,
P04179,P30085,0.024135749231859214,
P04179,P35222,0.07733060256145752,
P04179,P36957,0.050502393704159675,
P04179,P38606,0.0057645944539152704,
P04179,P40926,0.023467610833590256,
P04179,P42765,0.009956490606274527,
P04179,P56192,0.021488547783092966,
P04179,P61981,0.011995702818786508,
P04179,P62854,0.009474398841198928,
P04179,P62917,0.029870725755704215,
P04179,Q02218,0.10104240182443672,
P04179,Q02818,0.09420088490897255,
P04179,Q07065,0.0006524517662520297,
P04179,Q07866,0.01912423662719134,
P04179,Q07954,0.04392103495044147,
P04179,Q13162,0.033101175625489344,
P04179,Q14011,0.02268709753643751,
P04179,Q15459,0.02878423513733557,
P04179,Q15843,0.015859517229072313,
P04179,Q96L92,0.02104080611428703,
P04179,Q9H0U4,0.03460852893722042,
P04179,Q9UHD8,0.030288623863516485,
P04179,Q9UJZ1,0.005702557618240041,
P04179,Q9UNH7,0.037538616966154945,
P04179,Q9Y3D6,0.012628779262584766,
P12956,O15143,0.05799208202245481,
P12956,O94925,0.040062453832279625,
P12956,P02652,0.0025638367721780137,
P12956,P04179,0.02988608804383902,
P12956,P18859,0.05778398746112609,
P12956,P21281,0.0009349082043111803,
P12956,P26022,0.06825695181849412,
P12956,P26447,0.022704238826609376,
P12956,P30085,0.08625962925818291,
P12956,P35222,0.0492433276426663,
P12956,P36957,0.030932459696144245,
P12956,P38606,0.0006701661578470497,
P12956,P40926,0.04014036108647564,
P12956,P42765,0.00023695067907158495,
P12956,P56192,0.04870206269720465,
P12956,P61981,0.010790609857472197,
P12956,P62854,0.06797084200793845,
P12956,P62917,0.019608432926952753,
P12956,Q02218,0.0016396474539168964,
P12956,Q02818,0.03001863580945233,
P12956,Q07065,0.012352907868586295,
P12956,Q07866,0.011721436877189266,
P12956,Q07954,0.0016587912965843545,
P12956,Q13162,0.00057781326782242,
P12956,Q14011,0.010504407789561203,
P12956,Q15459,0.07622961660716651,
P12956,Q15843,0.010304615264003204,
P12956,Q96L92,7.742078604039143e-05,
P12956,Q9H0U4,0.02944045896700087,
P12956,Q9UHD8,0.10599683645995765,
P12956,Q9UJZ1,0.01089011067163103,
P12956,Q9UNH7,0.011121582036009122,
P12956,Q9Y3D6,0.002084219889194651,
P18859,O15143,0.07908582412139313,
P18859,O94925,0.01817961254107679,
P18859,P02652,0.014629271494682137,
P18859,P04179,0.03209629790000559,
P18859,P12956,0.0630368083462592,
P18859,P21281,0.014700973397450547,
P18859,P26022,0.010573849715205206,
P18859,P26447,0.04586702685698427,
P18859,P30085,0.06094688529923843,
P18859,P35222,0.07111117261265096,
P18859,P36957,0.06071910047858271,
P18859,P38606,0.004795190627916297,
P18859,P40926,0.013987237184653036,
P18859,P42765,0.010661182096167558,
P18859,P56192,0.020540873606225904,
P18859,P61981,0.011784589601666057,
P18859,P62854,0.02182504485136756,
P18859,P62917,0.014605895049628469,
P18859,Q02218,0.023934390934098514,
P18859,Q02818,0.02209868304147948,
P18859,Q07065,0.046623068138969555,
P18859,Q07866,0.020412866907678632,
P18859,Q07954,0.009395602768967608,
P18859,Q13162,0.03394634795750748,
P18859,Q14011,0.001186283260767401,
P18859,Q15459,0.044537211703413175,
P18859,Q15843,0.02029150669433693,
P18859,Q96L92,0.004054291009819789,
P18859,Q9H0U4,0.08284006605541089,
P18859,Q9UHD8,0.062422536897449844,
P18859,Q9UJZ1,0.005182512095798939,
P18859,Q9UNH7,0.02612931173442392,
P18859,Q9Y3D6,0.0069276935791373236,
P21281,O15143,0.0669675512736291,
P21281,O94925,0.010906353812691045,
P21281,P02652,0.02070478367004459,
P21281,P04179,0.021359265781610084,
P21281,P12956,0.011030527493807557,
P21281,P18859,0.030302444009236727,
P21281,P26022,0.07556424963682729,
P21281,P26447,0.0034638527340226434,
P21281,P30085,0.03318773668019679,
P21281,P35222,0.01798243031859363,
P21281,P36957,0.004388088573450216,
P21281,P38606,0.024961751263239212,
P21281,P40926,0.0022353358200180593,
P21281,P42765,0.006258164155286845,
P21281,P56192,0.006375265813993325,
P21281,P61981,0.010246526785948394,
P21281,P62854,0.018232324609848062,
P21281,P62917,0.1300371631663352,
P21281,Q02218,0.037013591684595865,
P21281,Q02818,0.013424277234977751,
P21281,Q07065,0.03243082384415539,
P21281,Q07866,0.009565808031006392,
P21281,Q07954,0.017520713803626728,
P21281,Q13162,0.0670075279467027,
P21281,Q14011,0.04404489437740529,
P21281,Q15459,0.01770717262913328,
P21281,Q15843,0.05539789102815147,
P21281,Q96L92,0.012907355307531579,
P21281,Q9H0U4,0.032406677206360056,
P21281,Q9UHD8,0.012907782771022162,
P21281,Q9UJZ1,0.03562897286684252,
P21281,Q9UNH7,0.006090388412185055,
P21281,Q9Y3D6,0.019033222099962978,
P26022,O15143,0.049371682377032225,
P26022,O94925,0.04823989355348452,
P26022,P02652,0.0021098098329901368,
P26022,P04179,0.029331714730958455,
P26022,P12956,0.09699973413532112,
P26022,P18859,0.06655153621181105,
P26022,P21281,7.357372805973507e-05,
P26022,P26447,0.06798815272298814,
P26022,P30085,0.04176820032322384,
P26022,P35222,0.04956985131746367,
P26022,P36957,0.040925677582659414,
P26022,P38606,0.0002770994169060289,
P26022,P40926,0.02920611193110247,
P26022,P42765,0.02998048686845984,
P26022,P56192,0.03907764890862493,
P26022,P61981,0.030287310529329904,
P26022,P62854,0.03794856156317945,
P26022,P62917,0.010047774253350844,
P26022,Q02218,0.011933429660227667,
P26022,Q02818,0.021293260300480014,
P26022,Q07065,0.04138333211459721,
P26022,Q07866,0.04932937554120393,
P26022,Q07954,0.00045637601544058044,
P26022,Q13162,0.0005425065056619756,
P26022,Q14011,0.0021696242305885333,
P26022,Q15459,0.03871658308952991,
P26022,Q15843,0.003574150676583111,
P26022,Q96L92,0.001301435931086669,
P26022,Q9H0U4,0.031184309326455568,
P26022,Q9UHD8,0.020611424227449285,
P26022,Q9UJZ1,4.3752540358241554e-05,
P26022,Q9UNH7,0.03901236516892864,
P26022,Q9Y3D6,0.010506528669931316,
P26447,O15143,0.05142142309080187,
P26447,O94925,0.02572122679328225,
P26447,P02652,0.011122765430297107,
P26447,P04179,0.06517850031996344,
P26447,P12956,0.043311520611026944,
P26447,P18859,0.08419580649493799,
P26447,P21281,0.004818272002591669,
P26447,P26022,0.07531494027071217,
P26447,P30085,0.02628499406973597,
P26447,P35222,0.027629958826142227,
P26447,P36957,0.019029820402664616,
P26447,P38606,0.0020697084222289957,
P26447,P40926,0.01734496505546578,
P26447,P42765,0.002346649219957196,
P26447,P56192,0.06278076098749251,
P26447,P61981,0.027458904339861916,
P26447,P62854,0.028206600735688828,
P26447,P62917,0.036423802262030874,
P26447,Q02218,0.005303036778561501,
P26447,Q02818,0.03832583638138155,
P26447,Q07065,0.051156481480130286,
P26447,Q07866,0.061472733290540496,
P26447,Q07954,0.00046747497581312903,
P26447,Q13162,0.025459193673263665,
P26447,Q14011,0.008814932500650583,
P26447,Q15459,0.010153972302182956,
P26447,Q15843,0.003656418236654181,
P26447,Q96L92,6.646074930971905e-05,
P26447,Q9H0U4,0.022454707221827155,
P26447,Q9UHD8,0.08839411661581403,
P26447,Q9UJZ1,0.00643212932227315,
P26447,Q9UNH7,0.022166171022780526,
P26447,Q9Y3D6,0.001907091893063862,
P30085,O15143,0.06312563642430769,
P30085,O94925,0.03738631247402402,
P30085,P02652,0.002076382706301945,
P30085,P04179,0.03273189101846777,
P30085,P12956,0.032641426503861364,
P30085,P18859,0.055720664057445,
P30085,P21281,6.060723946720943e-05,
P30085,P26022,0.05254685258826752,
P30085,P26447,0.04053177179679755,
P30085,P35222,0.01943451025052491,
P30085,P36957,0.022669656543453688,
P30085,P38606,0.007902791611285648,
P30085,P40926,0.07796725185406543,
P30085,P42765,0.001728856665665357,
P30085,P56192,0.05703528456723281,
P30085,P61981,0.01174626514839773,
P30085,P62854,0.017411033750087998,
P30085,P62917,0.03024570786191556,
P30085,Q02218,0.022915571109406854,
P30085,Q02818,0.0495697960218355,
P30085,Q07065,0.013034307917775156,
P30085,Q07866,0.06730310872542153,
P30085,Q07954,0.0058099368199759725,
P30085,Q13162,0.020288878809392542,
P30085,Q14011,0.007644701366660531,
P30085,Q15459,0.05089162657155989,
P30085,Q15843,0.0005376977885440705,
P30085,Q96L92,0.010337637386652618,
P30085,Q9H0U4,0.014438463815523052,
P30085,Q9UHD8,0.06086473044518235,
P30085,Q9UJZ1,0.03254047410392925,
P30085,Q9UNH7,0.019121675769180585,
P30085,Q9Y3D6,0.01532272197664871,
P35222,O15143,0.04690229464004025,
P35222,O94925,0.07674583172125686,
P35222,P02652,0.00879888388024642,
P35222,P04179,0.02054307264024337,
P35222,P12956,0.03959543612127882,
P35222,P18859,0.04145621359433535,
P35222,P21281,0.00542945847740947,
P35222,P26022,0.02749421149870179,
P35222,P26447,0.0530868472429146,
P35222,P30085,0.04591873362762323,
P35222,P36957,0.043044842616256164,
P35222,P38606,0.01430509930654457,
P35222,P40926,0.034478898691817965,
P35222,P42765,0.012748502917050895,
P35222,P56192,0.057303592553635346,
P35222,P61981,0.005737468781921666,
P35222,P62854,0.03749438436380306,
P35222,P62917,0.02149401205160744,
P35222,Q02218,0.016362431428975786,
P35222,Q02818,0.012789569558391682,
P35222,Q07065,0.01354051166581421,
P35222,Q07866,0.020816607451252883,
P35222,Q07954,0.024258316244151937,
P35222,Q13162,0.011324493844399547,
P35222,Q14011,0.0031646987373199326,
P35222,Q15459,0.06414189119627242,
P35222,Q15843,0.015568902650191533,
P35222,Q96L92,0.009251384382982264,
P35222,Q9H0U4,0.03658974537084797,
P35222,Q9UHD8,0.07019540012674727,
P35222,Q9UJZ1,0.007754370441530513,
P35222,Q9UNH7,0.037638086317787624,
P35222,Q9Y3D6,0.004663142332295102,
P36957,O15143,0.044789172123564765,
P36957,O94925,0.05969948205616011,
P36957,P02652,0.00399689910619658,
P36957,P04179,0.02911694721312825,
P36957,P12956,0.028558387744031365,
P36957,P18859,0.018173309219959893,
P36957,P21281,0.002659786015059643,
P36957,P26022,0.05588970151877935,
P36957,P26447,0.06806396857123173,
P36957,P30085,0.07162953225278115,
P36957,P35222,0.061624794864852554,
P36957,P38606,0.001017214228167962,
P36957,P40926,0.07095146328120731,
P36957,P42765,0.007322622061709596,
P36957,P56192,0.05603915795679414,
P36957,P61981,0.009223609587077058,
P36957,P62854,0.01684603663350876,
P36957,P62917,0.0513383182001465,
P36957,Q02218,0.013589362830417452,
P36957,Q02818,0.046699753376753576,
P36957,Q07065,0.018723424547574145,
P36957,Q07866,0.030508471522987413,
P36957,Q07954,0.0021342999812305934,
P36957,Q13162,0.021450049398019644,
P36957,Q14011,0.005003975598027556,
P36957,Q15459,0.02124123846017006,
P36957,Q15843,0.009194042354215474,
P36957,Q96L92,0.0015244072511208112,
P36957,Q9H0U4,0.051039050193684286,
P36957,Q9UHD8,0.10583662535653614,
P36957,Q9UJZ1,0.00274692003907431,
P36957,Q9UNH7,0.001295574777325189,
P36957,Q9Y3D6,0.003175620447281533,
P38606,O15143,0.022308538784887443,
P38606,O94925,0.02889863762701327,
P38606,P02652,0.012722450761725228,
P38606,P04179,0.08576979485928872,
P38606,P12956,0.001637456150178987,
P38606,P18859,0.0018575449721843181,
P38606,P21281,0.036558982506650906,
P38606,P26022,0.00417798088748094,
P38606,P26447,0.028960406542769025,
P38606,P30085,0.01437888395809503,
P38606,P35222,0.04083838283089416,
P38606,P36957,0.0031511388208901436,
P38606,P40926,0.021881115844286095,
P38606,P42765,0.013466392897668024,
P38606,P56192,0.018294866380952162,
P38606,P61981,0.1013345461318104,
P38606,P62854,0.0009352614190639276,
P38606,P62917,0.010988117705172036,
P38606,Q02218,0.0027706248018860634,
P38606,Q02818,0.017575362180869396,
P38606,Q07065,0.005953982069781134,
P38606,Q07866,0.0008447062034372043,
P38606,Q07954,0.01137318768391947,
P38606,Q13162,0.3885090619842999,
P38606,Q14011,0.01814702555082504,
P38606,Q15459,0.010520141958130738,
P38606,Q15843,0.008262972342329417,
P38606,Q96L92,0.014018062559950861,
P38606,Q9H0U4,0.0030844244805228304,
P38606,Q9UHD8,0.0051344031672702715,
P38606,Q9UJZ1,0.014990593885572799,
P38606,Q9UNH7,0.02177298784003191,
P38606,Q9Y3D6,0.006981777828271804,
P40926,O15143,0.014075482836509562,
P40926,O94925,0.03562971517116693,
P40926,P02652,0.3131827757846347,
P40926,P04179,0.04009129409868205,
P40926,P12956,0.026284927240567822,
P40926,P18859,0.007965583750131577,
P40926,P21281,0.010715507253966647,
P40926,P26022,0.019838060656255548,
P40926,P26447,0.027411135333612995,
P40926,P30085,0.0017135784785639846,
P40926,P35222,0.009052113324320514,
P40926,P36957,0.010552867499089826,
P40926,P38606,0.015339141470869854,
P40926,P42765,0.007526264656576707,
P40926,P56192,0.019686727888978853,
P40926,P61981,0.0022594993865558384,
P40926,P62854,0.0006543925019037453,
P40926,P62917,0.0014207239002817268,
P40926,Q02218,0.008947450621907417,
P40926,Q02818,0.09690007660122558,
P40926,Q07065,0.004295040957704492,
P40926,Q07866,0.0238942429408981,
P40926,Q07954,0.014917857094759325,
P40926,Q13162,0.059418161416086655,
P40926,Q14011,0.004246475449386743,
P40926,Q15459,0.018145940491769458,
P40926,Q15843,0.0199049836643448,
P40926,Q96L92,0.014539681809944534,
P40926,Q9H0U4,0.04232744505602701,
P40926,Q9UHD8,0.03600626435161474,
P40926,Q9UJZ1,0.002686613384603032,
P40926,Q9UNH7,0.003908659797370576,
P40926,Q9Y3D6,0.0687320405412712,
P42765,O15143,0.018902440509202235,
P42765,O94925,0.016987511738925654,
P42765,P02652,0.05173875023502856,
P42765,P04179,0.04167302738854543,
P42765,P12956,0.03854351288569041,
P42765,P18859,0.018725419611758734,
P42765,P21281,0.08662462864429789,
P42765,P26022,0.006137992329127014,
P42765,P26447,0.006358813302820137,
P42765,P30085,0.02803833337834737,
P42765,P35222,0.024532083018267706,
P42765,P36957,0.004161180395480234,
P42765,P38606,0.008376051189132929,
P42765,P40926,0.007778596669147622,
P42765,P56192,0.021258244246469712,
P42765,P61981,0.027424116976155818,
P42765,P62854,0.0717269512263807,
P42765,P62917,0.012290463690811205,
P42765,Q02218,0.06769538523764122,
P42765,Q02818,0.004550985685425421,
P42765,Q07065,0.03552248293600837,
P42765,Q07866,0.03202797737682487,
P42765,Q07954,0.010226204199618871,
P42765,Q13162,0.06582043655868863,
P42765,Q14011,0.004666956714063246,
P42765,Q15459,0.008186601301202256,
P42765,Q15843,0.027455872733407577,
P42765,Q96L92,0.06971232343631496,
P42765,Q9H0U4,0.0018185557685283563,
P42765,Q9UHD8,0.061583893906551376,
P42765,Q9UJZ1,0.0043661507612413565,
P42765,Q9UNH7,0.0709526642846691,
P42765,Q9Y3D6,0.030415508470464172,
P56192,O15143,0.03594223990801575,
P56192,O94925,0.03130186790722314,
P56192,P02652,0.010473127283112308,
P56192,P04179,0.06846315978404677,
P56192,P12956,0.06889841588950146,
P56192,P18859,0.06052178354854426,
P56192,P21281,0.002892489107053402,
P56192,P26022,0.01775589772659864,
P56192,P26447,0.1046716622941187,
P56192,P30085,0.037105764436779765,
P56192,P35222,0.011034002011139233,
P56192,P36957,0.05571412518841456,
P56192,P38606,0.0015087220292198534,
P56192,P40926,0.018337112790723267,
P56192,P42765,0.027932379941671387,
P56192,P61981,0.010256742581966094,
P56192,P62854,0.02778245152932417,
P56192,P62917,0.03875343785482179,
P56192,Q02218,0.004899979745268516,
P56192,Q02818,0.021881456418881964,
P56192,Q07065,0.06828045322467573,
P56192,Q07866,0.0452363410239301,
P56192,Q07954,0.011963171680439586,
P56192,Q13162,0.01053147210242445,
P56192,Q14011,0.0037094560443205592,
P56192,Q15459,0.03008832837407474,
P56192,Q15843,0.012632517209036909,
P56192,Q96L92,0.004633800245100175,
P56192,Q9H0U4,0.09631663630070825,
P56192,Q9UHD8,0.038407658050577366,
P56192,Q9UJZ1,0.0049034181267284494,
P56192,Q9UNH7,0.010580818376957573,
P56192,Q9Y3D6,0.0007157512880827535,
P61981,O15143,0.020822263216760492,
P61981,O94925,0.004231022102598684,
P61981,P02652,0.01621924765764491,
P61981,P04179,0.07454663902602618,
P61981,P12956,0.08108328321219854,
P61981,P18859,0.007797268257069256,
P61981,P21281,0.03306362579653419,
P61981,P26022,0.011076856162415667,
P61981,P26447,0.023743341041031932,
P61981,P30085,0.03652390333574268,
P61981,P35222,0.016507953728940827,
P61981,P36957,0.010164242020825864,
P61981,P38606,0.01044623298964642,
P61981,P40926,0.02866403246780896,
P61981,P42765,0.03566959893749513,
P61981,P56192,0.05446732951114873,
P61981,P62854,0.1810564581286791,
P61981,P62917,0.006251982276648103,
P61981,Q02218,0.0032925652657650635,
P61981,Q02818,0.0033406425551579773,
P61981,Q07065,0.01072011800992169,
P61981,Q07866,0.0235608783942802,
P61981,Q07954,0.009110299809925561,
P61981,Q13162,0.009527771359321932,
P61981,Q14011,0.004162627192716694,
P61981,Q15459,0.02635067454187463,
P61981,Q15843,0.010802548658219365,
P61981,Q96L92,0.035253898196505,
P61981,Q9H0U4,0.021011777258887455,
P61981,Q9UHD8,0.08893494826460017,
P61981,Q9UJZ1,0.01788895325758898,
P61981,Q9UNH7,0.04235037943585713,
P61981,Q9Y3D6,0.010479863112191465,
P62854,O15143,0.03786034644272526,
P62854,O94925,0.018121007010987043,
P62854,P02652,0.01290129403598111,
P62854,P04179,0.10787075893687995,
P62854,P12956,0.07657441498216164,
P62854,P18859,0.017995322101827586,
P62854,P21281,0.020022070892288246,
P62854,P26022,0.026200318009394742,
P62854,P26447,0.10308807638942535,
P62854,P30085,0.026688193711606398,
P62854,P35222,0.018506328594677438,
P62854,P36957,0.05917639911921484,
P62854,P38606,0.0013247094421782598,
P62854,P40926,0.03485649717915014,
P62854,P42765,0.003027791223377278,
P62854,P56192,0.030895569093553864,
P62854,P61981,0.0011118143057096247,
P62854,P62917,0.01963491116654092,
P62854,Q02218,0.008273825607013138,
P62854,Q02818,0.0025190536283958066,
P62854,Q07065,0.03614501653370433,
P62854,Q07866,0.09432544155551705,
P62854,Q07954,0.016694653220058874,
P62854,Q13162,0.0816387636096457,
P62854,Q14011,0.0064270989046454115,
P62854,Q15459,0.037058932783185804,
P62854,Q15843,0.0027112932872387866,
P62854,Q96L92,0.00280474246502185,
P62854,Q9H0U4,0.040360563945488155,
P62854,Q9UHD8,0.0301817736049097,
P62854,Q9UJZ1,0.0014524949200777038,
P62854,Q9UNH7,0.004419502164254209,
P62854,Q9Y3D6,0.004904221122133193,
P62917,O15143,0.012611488151056525,
P62917,O94925,0.00774112303433569,
P62917,P02652,0.030938626978844034,
P62917,P04179,0.045945260018795134,
P62917,P12956,0.07542878637612155,
P62917,P18859,0.012176163370555066,
P62917,P21281,0.01609619044381162,
P62917,P26022,0.03921636088885226,
P62917,P26447,0.06156293327434256,
P62917,P30085,0.05202047372079108,
P62917,P35222,0.00038986858790694223,
P62917,P36957,0.021113817698387424,
P62917,P38606,0.012207160765984736,
P62917,P40926,0.04373057004392525,
P62917,P42765,0.02166866474749624,
P62917,P56192,0.06602103880554233,
P62917,P61981,0.002244190864091161,
P62917,P62854,0.008591040590108203,
P62917,Q02218,0.00848500384489483,
P62917,Q02818,0.00958912601672503,
P62917,Q07065,0.08458615484313746,
P62917,Q07866,0.038709462605218896,
P62917,Q07954,0.003145429316282137,
P62917,Q13162,0.03628343487083129,
P62917,Q14011,0.01240670484634818,
P62917,Q15459,0.018125849600823432,
P62917,Q15843,0.010598849937041011,
P62917,Q96L92,0.024355586361773995,
P62917,Q9H0U4,0.06105155356268309,
P62917,Q9UHD8,0.045202031736253895,
P62917,Q9UJZ1,0.04774701026759004,
P62917,Q9UNH7,0.0004598914288472596,
P62917,Q9Y3D6,0.014720456119165302,
Q02218,O15143,0.03694337309161489,
Q02218,O94925,0.06799368675569512,
Q02218,P02652,0.005743427525161973,
Q02218,P04179,0.020093581464054076,
Q02218,P12956,0.05326271017476254,
Q02218,P18859,0.023268188989759644,
Q02218,P21281,0.0039014148499121365,
Q02218,P26022,0.07492220906312859,
Q02218,P26447,0.04226594919563325,
Q02218,P30085,0.03619984164288151,
Q02218,P35222,0.03127112361861138,
Q02218,P36957,0.042254979221934406,
Q02218,P38606,0.002298020533854868,
Q02218,P40926,0.009447870347744868,
Q02218,P42765,0.0051464070669886884,
Q02218,P56192,0.003450344126792138,
Q02218,P61981,0.04282445560210373,
Q02218,P62854,0.004340827111570472,
Q02218,P62917,0.006240130747090705,
Q02218,Q02818,0.06778437651750184,
Q02218,Q07065,0.040752706087998414,
Q02218,Q07866,0.005104479260517521,
Q02218,Q07954,0.008066369607433878,
Q02218,Q13162,0.021801498472598397,
Q02218,Q14011,0.04357434681351645,
Q02218,Q15459,0.046406502710662,
Q02218,Q15843,0.0020974906130597276,
Q02218,Q96L92,0.025725602139927042,
Q02218,Q9H0U4,0.05051939056310249,
Q02218,Q9UHD8,0.06890740863602808,
Q02218,Q9UJZ1,0.03791612571683246,
Q02218,Q9UNH7,0.0318759108483138,
Q02218,Q9Y3D6,0.005063338768815609,
Q02818,O15143,0.01122549637835739,
Q02818,O94925,0.018091183064447465,
Q02818,P02652,0.006793833056578702,
Q02818,P04179,0.038392627265352725,
Q02818,P12956,0.031538820372601695,
Q02818,P18859,0.021326046619969688,
Q02818,P21281,0.02291278935375162,
Q02818,P26022,0.011675575435662802,
Q02818,P26447,0.003224431612836438,
Q02818,P30085,0.02426893088545228,
Q02818,P35222,0.08884125440433409,
Q02818,P36957,0.07643440260057316,
Q02818,P38606,0.02428509246909794,
Q02818,P40926,0.009179991059842862,
Q02818,P42765,0.013608557836858161,
Q02818,P56192,0.038615497353496495,
Q02818,P61981,0.1928767872850287,
Q02818,P62854,0.020815241045874403,
Q02818,P62917,0.002279971980422596,
Q02818,Q02218,0.028484934149618505,
Q02818,Q07065,0.010014991039318386,
Q02818,Q07866,0.01748685023739073,
Q02818,Q07954,0.001705071709751671,
Q02818,Q13162,0.0641484750809206,
Q02818,Q14011,0.03742011206695113,
Q02818,Q15459,0.03130615392301699,
Q02818,Q15843,0.006705134900908317,
Q02818,Q96L92,0.004794351771276166,
Q02818,Q9H0U4,0.027174171735727583,
Q02818,Q9UHD8,0.026648809437054593,
Q02818,Q9UJZ1,0.0011908083836181735,
Q02818,Q9UNH7,0.05671227283614065,
Q02818,Q9Y3D6,0.0012424419809219775,
Q07065,O15143,0.00901558565777397,
Q07065,O94925,0.0200090813536711,
Q07065,P02652,0.012662621274282455,
Q07065,P04179,0.012875693193122888,
Q07065,P12956,0.056549155104230815,
Q07065,P18859,0.009231003950449219,
Q07065,P21281,0.042089206587667315,
Q07065,P26022,0.04489930920159679,
Q07065,P26447,0.022443617185022906,
Q07065,P30085,0.00966992709423032,
Q07065,P35222,0.00962175729449293,
Q07065,P36957,0.04573720220537936,
Q07065,P38606,0.021352343722542376,
Q07065,P40926,0.001687058304610533,
Q07065,P42765,0.00124411985798121,
Q07065,P56192,0.06242349272925499,
Q07065,P61981,0.028932848149355483,
Q07065,P62854,0.037036751692596195,
Q07065,P62917,0.055283522955172075,
Q07065,Q02218,0.051875386979347037,
Q07065,Q02818,0.0030987722687987928,
Q07065,Q07866,0.06051515645529064,
Q07065,Q07954,0.047345427494669176,
Q07065,Q13162,0.06669382317885791,
Q07065,Q14011,0.01957440995289833,
Q07065,Q15459,0.0010707204229583596,
Q07065,Q15843,0.036709048527286695,
Q07065,Q96L92,0.04457536842725474,
Q07065,Q9H0U4,0.0015628789981950116,
Q07065,Q9UHD8,0.03658964855135776,
Q07065,Q9UJZ1,0.04031442733714089,
Q07065,Q9UNH7,0.019342554377222345,
Q07065,Q9Y3D6,0.028014673209966014,
Q07866,O15143,0.028996870215184413,
Q07866,O94925,0.0320563546300391,
Q07866,P02652,0.032897847110365926,
Q07866,P04179,0.00037174928383066247,
Q07866,P12956,0.0685858117908619,
Q07866,P18859,0.010287360821467903,
Q07866,P21281,0.029137628056565616,
Q07866,P26022,0.07863859219041229,
Q07866,P26447,0.04915783404532508,
Q07866,P30085,0.036116550295655137,
Q07866,P35222,1.3167975153410489e-05,
Q07866,P36957,0.009361850022868138,
Q07866,P38606,0.019249995289481618,
Q07866,P40926,0.048860979953566204,
Q07866,P42765,0.00023503642194061433,
Q07866,P56192,0.05795724094075493,
Q07866,P61981,7.585207638417275e-05,
Q07866,P62854,0.01933036881093867,
Q07866,P62917,0.06858553775283753,
Q07866,Q02218,0.00019591128040571427,
Q07866,Q02818,0.011515655224673705,
Q07866,Q07065,0.06440061686324242,
Q07866,Q07954,0.011037589399211192,
Q07866,Q13162,0.029714954925952674,
Q07866,Q14011,0.03176445317840771,
Q07866,Q15459,0.019777096307115712,
Q07866,Q15843,0.013659969623645764,
Q07866,Q96L92,0.0003434128957250799,
Q07866,Q9H0U4,0.1173452736042883,
Q07866,Q9UHD8,0.05857525370542689,
Q07866,Q9UJZ1,0.010136132338051431,
Q07866,Q9UNH7,0.009780612113844189,
Q07866,Q9Y3D6,0.01037565390997913,
Q07954,O15143,0.027797251706796575,
Q07954,O94925,0.04296293215005918,
Q07954,P02652,0.012061455640072005,
Q07954,P04179,0.04656163121911116,
Q07954,P12956,0.05197722395402789,
Q07954,P18859,0.04301163070309752,
Q07954,P21281,0.013501397946016678,
Q07954,P26022,0.05361601776189828,
Q07954,P26447,0.029803918577484625,
Q07954,P30085,0.048378829669534475,
Q07954,P35222,0.04340229979176434,
Q07954,P36957,0.024246061750672582,
Q07954,P38606,0.006900114682967551,
Q07954,P40926,0.0726479062221986,
Q07954,P42765,0.009211740335417017,
Q07954,P56192,0.08897174508902385,
Q07954,P61981,0.005773702167359026,
Q07954,P62854,0.01293167588275196,
Q07954,P62917,0.037457364863298655,
Q07954,Q02218,0.03642143296096128,
Q07954,Q02818,0.02058060731381149,
Q07954,Q07065,0.021067666208824623,
Q07954,Q07866,0.017766198243983258,
Q07954,Q13162,0.004540365653682236,
Q07954,Q14011,0.003696958181014447,
Q07954,Q15459,0.030443761439964426,
Q07954,Q15843,0.014601253680756989,
Q07954,Q96L92,0.0030546688738009916,
Q07954,Q9H0U4,0.038192779055611276,
Q07954,Q9UHD8,0.09580200309393161,
Q07954,Q9UJZ1,0.0025309412032917733,
Q07954,Q9UNH7,0.021805317283340706,
Q07954,Q9Y3D6,0.014528381170040875,
Q13162,O15143,0.024450127332900657,
Q13162,O94925,0.019246409547965356,
Q13162,P02652,0.009174610914230854,
Q13162,P04179,0.04210381319429146,
Q13162,P12956,0.012614378462225047,
Q13162,P18859,0.002281829217023049,
Q13162,P21281,0.17055272836791835,
Q13162,P26022,0.033770260256340015,
Q13162,P26447,0.003203753834821072,
Q13162,P30085,0.002495753158934279,
Q13162,P35222,0.013796800613448255,
Q13162,P36957,0.015538687403880919,
Q13162,P38606,0.013914103015126376,
Q13162,P40926,0.007230965055366186,
Q13162,P42765,0.017933417473586344,
Q13162,P56192,0.008239650009119479,
Q13162,P61981,0.016530754147517254,
Q13162,P62854,0.10404975240706077,
Q13162,P62917,0.032972293941632674,
Q13162,Q02218,0.011064864100449545,
Q13162,Q02818,0.005971451371181799,
Q13162,Q07065,0.006098055209802816,
Q13162,Q07866,0.01788953083511522,
Q13162,Q07954,0.03471864250312387,
Q13162,Q14011,0.009402427854566495,
Q13162,Q15459,0.0024938308024183373,
Q13162,Q15843,0.04964482711682671,
Q13162,Q96L92,0.01641664980930844,
Q13162,Q9H0U4,0.010727547989067419,
Q13162,Q9UHD8,0.019699070537720385,
Q13162,Q9UJZ1,0.01942701532534328,
Q13162,Q9UNH7,0.019478605324456673,
Q13162,Q9Y3D6,0.0107516211399908,
Q14011,O15143,0.016152923370833582,
Q14011,O94925,0.0025667228016525625,
Q14011,P02652,0.03172963532502382,
Q14011,P04179,0.005140534340777435,
Q14011,P12956,0.0033620909444919285,
Q14011,P18859,0.021938607450464165,
Q14011,P21281,0.0058297009987554535,
Q14011,P26022,0.04088789768620488,
Q14011,P26447,0.01267893424632652,
Q14011,P30085,0.15413161218252905,
Q14011,P35222,0.013441162057478275,
Q14011,P36957,0.01063519354811838,
Q14011,P38606,0.002501163316337675,
Q14011,P40926,0.0032432018070110897,
Q14011,P42765,0.00999368097413662,
Q14011,P56192,0.029811657940660444,
Q14011,P61981,0.002974837491593984,
Q14011,P62854,0.018967619408663487,
Q14011,P62917,0.07649279182836694,
Q14011,Q02218,0.0339809367464494,
Q14011,Q02818,0.004964264014710642,
Q14011,Q07065,0.28876281036521667,
Q14011,Q07866,0.006828675130209315,
Q14011,Q07954,0.022233725472426493,
Q14011,Q13162,0.020505574366643412,
Q14011,Q15459,0.01901623631039567,
Q14011,Q15843,0.009106893799344977,
Q14011,Q96L92,0.007174948807543106,
Q14011,Q9H0U4,0.006360451800683244,
Q14011,Q9UHD8,0.012465314714043593,
Q14011,Q9UJZ1,0.037071383730830895,
Q14011,Q9UNH7,0.01147506233468928,
Q14011,Q9Y3D6,0.004072290328918113,
Q15459,O15143,0.06487951667867581,
Q15459,O94925,0.04074372896854787,
Q15459,P02652,0.0037143605674062195,
Q15459,P04179,0.010130659279132093,
Q15459,P12956,0.041050370946884455,
Q15459,P18859,0.05134361067271534,
Q15459,P21281,0.019352503572098823,
Q15459,P26022,0.08080633102134457,
Q15459,P26447,0.050051854845285945,
Q15459,P30085,0.03781188198737758,
Q15459,P35222,0.06977310276372892,
Q15459,P36957,0.05150461849987632,
Q15459,P38606,0.008222825489699834,
Q15459,P40926,0.04580091226482162,
Q15459,P42765,0.010379222656446764,
Q15459,P56192,0.04750752869956344,
Q15459,P61981,0.004286172192556376,
Q15459,P62854,0.04124640078575497,
Q15459,P62917,0.04552935790519931,
Q15459,Q02218,0.027060000673223655,
Q15459,Q02818,0.03506619303381045,
Q15459,Q07065,0.014551783257016004,
Q15459,Q07866,0.018156719751110932,
Q15459,Q07954,0.015706701798025035,
Q15459,Q13162,0.009786063200047088,
Q15459,Q14011,0.007325954727156876,
Q15459,Q15843,0.02149610097702445,
Q15459,Q96L92,0.0021610109031313333,
Q15459,Q9H0U4,0.06203125794316776,
Q15459,Q9UHD8,0.020662952478711184,
Q15459,Q9UJZ1,0.009659962559499894,
Q15459,Q9UNH7,0.004246483065200378,
Q15459,Q9Y3D6,0.008633013919649143,
Q15843,O15143,0.009356110902952134,
Q15843,O94925,0.0008228057168100511,
Q15843,P02652,0.033267625405627305,
Q15843,P04179,0.02900342274980321,
Q15843,P12956,0.03392865351223082,
Q15843,P18859,0.027953581182667556,
Q15843,P21281,0.09535573403827323,
Q15843,P26022,0.03303499305677923,
Q15843,P26447,0.0048405381319179515,
Q15843,P30085,0.009506616658157793,
Q15843,P35222,0.003869236272583775,
Q15843,P36957,0.029457022947541284,
Q15843,P38606,0.016953406290756774,
Q15843,P40926,0.0037148044909626277,
Q15843,P42765,0.0019507970742922414,
Q15843,P56192,0.042797562874680936,
Q15843,P61981,0.05051116676368965,
Q15843,P62854,0.05798417615540762,
Q15843,P62917,0.050177318993939304,
Q15843,Q02218,0.02293864810110584,
Q15843,Q02818,0.00675313707928886,
Q15843,Q07065,0.042550409585045544,
Q15843,Q07866,0.03923864019775142,
Q15843,Q07954,0.02279397791162534,
Q15843,Q13162,0.07397949723448638,
Q15843,Q14011,0.029891697533614384,
Q15843,Q15459,0.006793017724757577,
Q15843,Q96L92,0.0019419742577489107,
Q15843,Q9H0U4,0.0008026319590787982,
Q15843,Q9UHD8,0.016431666878101225,
Q15843,Q9UJZ1,0.10691267747595269,
Q15843,Q9UNH7,0.005319225365728593,
Q15843,Q9Y3D6,0.036259858216591195,
Q96L92,O15143,0.0035692282708584687,
Q96L92,O94925,0.002594404823743709,
Q96L92,P02652,0.004247698266015651,
Q96L92,P04179,0.26093055952771993,
Q96L92,P12956,0.01651999537771552,
Q96L92,P18859,0.0034544063004970983,
Q96L92,P21281,0.03972421790699208,
Q96L92,P26022,0.007016672406180086,
Q96L92,P26447,0.04608858849337353,
Q96L92,P30085,0.01298295001364667,
Q96L92,P35222,0.008215858330331968,
Q96L92,P36957,0.000271130199788377,
Q96L92,P38606,0.005322430443733839,
Q96L92,P40926,0.012189203287580505,
Q96L92,P42765,0.020111394644672768,
Q96L92,P56192,0.008725196622358261,
Q96L92,P61981,0.012728814885965587,
Q96L92,P62854,0.012244403359425123,
Q96L92,P62917,0.06629646102311268,
Q96L92,Q02218,0.03704519257622557,
Q96L92,Q02818,0.017289837090219046,
Q96L92,Q07065,0.01058651973805981,
Q96L92,Q07866,0.010689925766053456,
Q96L92,Q07954,0.0939727306836612,
Q96L92,Q13162,0.06650004095433988,
Q96L92,Q14011,0.051762585275420075,
Q96L92,Q15459,0.0073402503261268195,
Q96L92,Q15843,0.0054119666409966245,
Q96L92,Q9H0U4,0.015787676900293486,
Q96L92,Q9UHD8,0.015296683557135694,
Q96L92,Q9UJZ1,0.01796918621053599,
Q96L92,Q9UNH7,0.07306884951331939,
Q96L92,Q9Y3D6,0.026749711210908505,
Q9H0U4,O15143,0.029475577581610693,
Q9H0U4,O94925,0.06981313725166428,
Q9H0U4,P02652,0.0041203790379916935,
Q9H0U4,P04179,0.02928205715419404,
Q9H0U4,P12956,0.03886425396693995,
Q9H0U4,P18859,0.01110552551139727,
Q9H0U4,P21281,0.02597474453553291,
Q9H0U4,P26022,0.03591918342471114,
Q9H0U4,P26447,0.06733038383744672,
Q9H0U4,P30085,0.026240632244384735,
Q9H0U4,P35222,0.029084954853597456,
Q9H0U4,P36957,0.06111571660334448,
Q9H0U4,P38606,0.002026553455514801,
Q9H0U4,P40926,0.01214404549541561,
Q9H0U4,P42765,0.0010636303847602745,
Q9H0U4,P56192,0.03869952115666194,
Q9H0U4,P61981,0.005040973580189935,
Q9H0U4,P62854,0.021288482453525392,
Q9H0U4,P62917,0.08397833177401863,
Q9H0U4,Q02218,0.014541041777457513,
Q9H0U4,Q02818,0.018011357538209993,
Q9H0U4,Q07065,0.06961467956374844,
Q9H0U4,Q07866,0.03957269758906473,
Q9H0U4,Q07954,0.03595804596591415,
Q9H0U4,Q13162,0.010290034263253476,
Q9H0U4,Q14011,0.0069063365424260415,
Q9H0U4,Q15459,0.014108458732908821,
Q9H0U4,Q15843,0.01296341452106442,
Q9H0U4,Q96L92,0.0004475437459712021,
Q9H0U4,Q9UHD8,0.08459203878553424,
Q9H0U4,Q9UJZ1,0.012823063563809016,
Q9H0U4,Q9UNH7,0.006485327607458468,
Q9H0U4,Q9Y3D6,0.013668363734755638,
Q9UHD8,O15143,0.01719885030178327,
Q9UHD8,O94925,0.01792852225462866,
Q9UHD8,P02652,0.004154153642373033,
Q9UHD8,P04179,0.011455381835863464,
Q9UHD8,P12956,0.028585729520143044,
Q9UHD8,P18859,0.01401518880665014,
Q9UHD8,P21281,0.004634594640301935,
Q9UHD8,P26022,0.02573210768759487,
Q9UHD8,P26447,0.009765051019280314,
Q9UHD8,P30085,0.08764686602904298,
Q9UHD8,P35222,0.027799585471712643,
Q9UHD8,P36957,0.05133159745853834,
Q9UHD8,P38606,0.011872127735751827,
Q9UHD8,P40926,0.05329670238960583,
Q9UHD8,P42765,0.031638367808222455,
Q9UHD8,P56192,0.16626906578438183,
Q9UHD8,P61981,0.017449136595219635,
Q9UHD8,P62854,0.017243039846860764,
Q9UHD8,P62917,0.017331639320964876,
Q9UHD8,Q02218,0.02063460321114206,
Q9UHD8,Q02818,0.010633991082482643,
Q9UHD8,Q07065,0.044201201899026335,
Q9UHD8,Q07866,0.04199298633076217,
Q9UHD8,Q07954,0.0020485975032324705,
Q9UHD8,Q13162,0.011579616490570117,
Q9UHD8,Q14011,0.012189942707156216,
Q9UHD8,Q15459,0.01209115766560265,
Q9UHD8,Q15843,0.004851630032477165,
Q9UHD8,Q96L92,0.008943923082573833,
Q9UHD8,Q9H0U4,0.029467785634843868,
Q9UHD8,Q9UJZ1,0.049780575317999336,
Q9UHD8,Q9UNH7,0.08184770677662577,
Q9UHD8,Q9Y3D6,0.020381491103720326,
Q9UJZ1,O15143,0.008278925678266569,
Q9UJZ1,O94925,0.000943952685156781,
Q9UJZ1,P02652,0.028593430567116173,
Q9UJZ1,P04179,0.026826461915358382,
Q9UJZ1,P12956,0.019886271747696107,
Q9UJZ1,P18859,0.00439764713551946,
Q9UJZ1,P21281,0.1477144416054705,
Q9UJZ1,P26022,0.00702970068210187,
Q9UJZ1,P26447,0.009814457175590657,
Q9UJZ1,P30085,0.01027593236139255,
Q9UJZ1,P35222,0.03916242778306916,
Q9UJZ1,P36957,0.018803998368090706,
Q9UJZ1,P38606,0.038667624514923934,
Q9UJZ1,P40926,0.01763423144015666,
Q9UJZ1,P42765,0.030992443086306092,
Q9UJZ1,P56192,0.07632748441487527,
Q9UJZ1,P61981,0.02732389838668187,
Q9UJZ1,P62854,0.09882657841687495,
Q9UJZ1,P62917,0.011165076568384138,
Q9UJZ1,Q02218,0.004984025344607933,
Q9UJZ1,Q02818,0.041037079334012176,
Q9UJZ1,Q07065,0.00047578014007645253,
Q9UJZ1,Q07866,0.019440261614288457,
Q9UJZ1,Q07954,0.03805352361143479,
Q9UJZ1,Q13162,0.006253675426368285,
Q9UJZ1,Q14011,0.013769959203258459,
Q9UJZ1,Q15459,0.009019538702798362,
Q9UJZ1,Q15843,0.02780706657332129,
Q9UJZ1,Q96L92,0.017751509908760087,
Q9UJZ1,Q9H0U4,0.011316444774978366,
Q9UJZ1,Q9UHD8,0.025496810625203033,
Q9UJZ1,Q9UNH7,0.12004512081127969,
Q9UJZ1,Q9Y3D6,0.011183088769913118,
Q9UNH7,O15143,0.03840581065497081,
Q9UNH7,O94925,0.01875709431063682,
Q9UNH7,P02652,0.0020366157934666416,
Q9UNH7,P04179,0.17645061549803212,
Q9UNH7,P12956,0.015667716233092464,
Q9UNH7,P18859,0.05152226378799452,
Q9UNH7,P21281,0.002651436661019319,
Q9UNH7,P26022,0.03661842696008014,
Q9UNH7,P26447,0.22669344027531335,
Q9UNH7,P30085,0.011229577733263727,
Q9UNH7,P35222,0.005069370694720956,
Q9UNH7,P36957,0.01902720655328656,
Q9UNH7,P38606,0.0033928908534077234,
Q9UNH7,P40926,0.05122305192879297,
Q9UNH7,P42765,0.003807381405793171,
Q9UNH7,P56192,0.030267880682115944,
Q9UNH7,P61981,0.007194361233773282,
Q9UNH7,P62854,0.01893205798406551,
Q9UNH7,P62917,0.006231776435743617,
Q9UNH7,Q02218,0.008273775559948007,
Q9UNH7,Q02818,0.023155662637142332,
Q9UNH7,Q07065,0.006758879604021246,
Q9UNH7,Q07866,0.025993980145175986,
Q9UNH7,Q07954,0.007439092344659348,
Q9UNH7,Q13162,0.06284081769380197,
Q9UNH7,Q14011,0.007648093279538912,
Q9UNH7,Q15459,0.017082374838848734,
Q9UNH7,Q15843,0.005658903604746048,
Q9UNH7,Q96L92,0.01696858379390586,
Q9UNH7,Q9H0U4,0.041095436912089556,
Q9UNH7,Q9UHD8,0.014215618760445586,
Q9UNH7,Q9UJZ1,0.017413589261299028,
Q9UNH7,Q9Y3D6,0.003652071549066632,
Q9Y3D6,O15143,0.0009730227359660251,
Q9Y3D6,O94925,0.020382586981244153,
Q9Y3D6,P02652,0.06086877599304747,
Q9Y3D6,P04179,0.02645272775597394,
Q9Y3D6,P12956,0.006422216829530521,
Q9Y3D6,P18859,0.004799049609579261,
Q9Y3D6,P21281,0.014439963947147484,
Q9Y3D6,P26022,0.01010045682259715,
Q9Y3D6,P26447,0.0038918306561008605,
Q9Y3D6,P30085,0.004058962589239997,
Q9Y3D6,P35222,0.019913302808311335,
Q9Y3D6,P36957,0.011847130624161633,
Q9Y3D6,P38606,0.014556642323242231,
Q9Y3D6,P40926,0.013839739765014732,
Q9Y3D6,P42765,0.012632468325954266,
Q9Y3D6,P56192,0.0036857318097201237,
Q9Y3D6,P61981,0.020427737640536587,
Q9Y3D6,P62854,0.025731209569221383,
Q9Y3D6,P62917,0.004754665126928089,
Q9Y3D6,Q02218,0.01088734090493364,
Q9Y3D6,Q02818,0.00024693820951864797,
Q9Y3D6,Q07065,0.013821430736638886,
Q9Y3D6,Q07866,0.005817259653797664,
Q9Y3D6,Q07954,0.021513185647639807,
Q9Y3D6,Q13162,0.016268069957569582,
Q9Y3D6,Q14011,0.00396699635025176,
Q9Y3D6,Q15459,0.008314996349186142,
Q9Y3D6,Q15843,0.021396760743352936,
Q9Y3D6,Q96L92,0.006248353875879372,
Q9Y3D6,Q9H0U4,0.001955928334898293,
Q9Y3D6,Q9UHD8,0.01935735873954074,
Q9Y3D6,Q9UJZ1,0.1008522518772669,
Q9Y3D6,Q9UNH7,1.9801841004647063e-05,
