Regulator,Target,Weight,Sign
O15143,O43617,0.002072565987066398,
O15143,O94925,0.002634132608278623,
O15143,P00568,0.00799785227943392,
O15143,P02652,0.11182087719195298,
O15143,P04179,0.004352953448095397,
O15143,P05121,0.0005563781193103652,
O15143,P05976,0.004984746977048048,
O15143,P06753,7.34981206633871e-05,
O15143,P07203,0.035028246401804505,
O15143,P07339,0.00032290731105771164,
O15143,P12956,0.002230303728623442,
O15143,P13010,0.005096173607085248,
O15143,P14314,0.0016619405862173355,
O15143,P15374,0.0005548276125944539,
O15143,P18859,0.0012786060380254893,
O15143,P21281,0.018622707877130263,
O15143,P23246,0.010379237818711404,
O15143,P26022,0.009843275149295254,
O15143,P26447,0.0007670552239888881,
O15143,P27816,0.00011206626122550113,
O15143,P30048,0.00020289338922626688,
O15143,P30085,0.007656515568295285,
O15143,P35222,0.013548037631887841,
O15143,P36957,0.010916842674877065,
O15143,P37837,0.01295760120768035,
O15143,P38606,0.0009015937309029624,
O15143,P40926,0.05020768468505369,
O15143,P42765,0.0026951519068510966,
O15143,P45877,0.0026344813461842056,
O15143,P46379,0.002017935903952055,
O15143,P48556,0.028649780622230746,
O15143,P49756,0.07552859879496052,
O15143,P52943,0.0027609401143139506,
O15143,P53621,0.0037010603754816613,
O15143,P56192,0.0012246831657819358,
O15143,P61981,0.05178724928748626,
O15143,P62249,0.0015734229071729788,
O15143,P62328,0.022313204294114347,
O15143,P62854,0.019754642639144976,
O15143,P62888,0.00013932623727296172,
O15143,P62906,0.022508165237396974,
O15143,P62913,0.002040193226540498,
O15143,P62917,0.0764109449360878,
O15143,Q01995,0.008317344269506175,
O15143,Q02218,0.0036539300630687665,
O15143,Q02818,6.669022277108206e-05,
O15143,Q05682,0.05209604950021753,
O15143,Q07065,0.0006754339925143282,
O15143,Q07866,0.010798276387601112,
O15143,Q07954,0.0008870572171261559,
O15143,Q13162,0.013436655593409303,
O15143,Q13263,0.0023918908482545693,
O15143,Q14011,0.044630746436573165,
O15143,Q14444,0.010898923852036151,
O15143,Q15233,0.0014338363428156075,
O15143,Q15459,0.00776589043634072,
O15143,Q15843,0.01584892722885503,
O15143,Q16629,0.008956642298886566,
O15143,Q7Z417,0.004720914374267376,
O15143,Q96HC4,0.010437272259341096,
O15143,Q96KR1,0.04827348650552788,
O15143,Q96L92,0.0036842791840277223,
O15143,Q9H0U4,0.011602142203431936,
O15143,Q9HAV7,0.0008315687561493382,
O15143,Q9NQP4,0.01277437693903859,
O15143,Q9NRX4,0.0015153023069826273,
O15143,Q9UHD8,0.00032914742298961513,
O15143,Q9UJZ1,0.0003399293731906456,
O15143,Q9UMS6,0.02470819955579675,
O15143,Q9UNH7,0.01012749446607008,
O15143,Q9Y3D6,0.04346996765306027,
O43617,O15143,0.0033552304508430793,
O43617,O94925,0.040351457862417964,
O43617,P00568,0.00026148790313944336,
O43617,P02652,0.033586563422058006,
O43617,P04179,0.04704665672086064,
O43617,P05121,0.0018177103665052141,
O43617,P05976,0.010983968978619365,
O43617,P06753,0.00121275775931758,
O43617,P07203,0.002523678286819145,
O43617,P07339,0.01609181907540241,
O43617,P12956,0.012636489770847971,
O43617,P13010,0.003052782176066297,
O43617,P14314,0.00840414091069006,
O43617,P15374,0.018651523260976598,
O43617,P18859,0.01396163482241002,
O43617,P21281,0.00035516644811468964,
O43617,P23246,0.013407060172490168,
O43617,P26022,0.0027597590681354167,
O43617,P26447,0.018729912490635638,
O43617,P27816,0.0011804137670707684,
O43617,P30048,0.00601113155691182,
O43617,P30085,0.005490455249609821,
O43617,P35222,0.022208277041394955,
O43617,P36957,0.036959681036495315,
O43617,P37837,0.002049643237223013,
O43617,P38606,0.013044383699766033,
O43617,P40926,0.0004730617677278643,
O43617,P42765,0.028999801123993446,
O43617,P45877,0.03153483994717209,
O43617,P46379,0.02367140659866447,
O43617,P48556,0.03766756895917155,
O43617,P49756,0.011817432979905404,
O43617,P52943,0.024150645779492046,
O43617,P53621,0.016301960569334563,
O43617,P56192,0.02234035719615665,
O43617,P61981,0.007238597058717416,
O43617,P62249,0.007723275106498357,
O43617,P62328,0.016947435662708617,
O43617,P62854,0.012519187664361458,
O43617,P62888,0.0028020160001506977,
O43617,P62906,0.00380648749899998,
O43617,P62913,0.014130804174873389,
O43617,P62917,0.002065076042374024,
O43617,Q01995,0.03774099730725437,
O43617,Q02218,0.010531808837767331,
O43617,Q02818,0.01786090299111417,
O43617,Q05682,0.028787294034987546,
O43617,Q07065,0.02198475756280338,
O43617,Q07866,0.007537763390301926,
O43617,Q07954,0.015006756193639375,
O43617,Q13162,0.005108479441535364,
O43617,Q13263,0.03438796487470634,
O43617,Q14011,0.008756795011101808,
O43617,Q14444,0.004428236376411974,
O43617,Q15233,0.016789924496527258,
O43617,Q15459,0.0007173977362253511,
O43617,Q15843,0.04168092046036022,
O43617,Q16629,0.0048790094805654625,
O43617,Q7Z417,0.0021426429438297797,
O43617,Q96HC4,0.001065094162849906,
O43617,Q96KR1,0.0025920397693208,
O43617,Q96L92,0.0011897456197091853,
O43617,Q9H0U4,0.026987935577836398,
O43617,Q9HAV7,0.020495793978806943,
O43617,Q9NQP4,0.0012740163315707596,
O43617,Q9NRX4,0.002150877734695191,
O43617,Q9UHD8,0.009775311837898308,
O43617,Q9UJZ1,0.00017274056940890217,
O43617,Q9UMS6,0.0016884191096182973,
O43617,Q9UNH7,0.013950338458840228,
O43617,Q9Y3D6,0.0036431542889173024,
O94925,O15143,0.013441407259454509,
O94925,O43617,0.0009522478694405502,
O94925,P00568,0.007352031556119616,
O94925,P02652,0.004495277042609711,
O94925,P04179,0.0004429049536782256,
O94925,P05121,0.0013761495961829412,
O94925,P05976,0.00028970889016433993,
O94925,P06753,0.003372176446735256,
O94925,P07203,0.01833221982822256,
O94925,P07339,0.003829829093148508,
O94925,P12956,0.035382576848564364,
O94925,P13010,0.008705722924125718,
O94925,P14314,0.000737357455656435,
O94925,P15374,0.010714079257774069,
O94925,P18859,0.009920257262717381,
O94925,P21281,0.0022155512261907515,
O94925,P23246,0.004695770387151283,
O94925,P26022,0.03859676380091495,
O94925,P26447,0.010713832241851745,
O94925,P27816,0.013862798339553733,
O94925,P30048,0.0025990217850979207,
O94925,P30085,0.010254046361370873,
O94925,P35222,0.014925026765138134,
O94925,P36957,0.009920939524174839,
O94925,P37837,0.006132292011564621,
O94925,P38606,0.021638648204219665,
O94925,P40926,0.008837133138021343,
O94925,P42765,0.002659237503645912,
O94925,P45877,0.01785679680012839,
O94925,P46379,0.04505879781000997,
O94925,P48556,0.008607644497531288,
O94925,P49756,0.020495660318226364,
O94925,P52943,0.023230647823191196,
O94925,P53621,0.0015257365325192995,
O94925,P56192,0.01140320688728159,
O94925,P61981,0.004082296019676373,
O94925,P62249,0.0032547642226139427,
O94925,P62328,0.013287195177526013,
O94925,P62854,0.030399844499828056,
O94925,P62888,0.006825796516233379,
O94925,P62906,0.015373393575984764,
O94925,P62913,0.0,
O94925,P62917,0.0021495406396700874,
O94925,Q01995,0.004619352558469595,
O94925,Q02218,0.016411090814681208,
O94925,Q02818,0.003369878638567333,
O94925,Q05682,0.002897996330681548,
O94925,Q07065,0.008400318179519783,
O94925,Q07866,0.052745876654616816,
O94925,Q07954,0.017295290852574197,
O94925,Q13162,0.02423482965239992,
O94925,Q13263,0.02099984207450637,
O94925,Q14011,0.009153058315995779,
O94925,Q14444,0.016936807151350933,
O94925,Q15233,0.005674913097330116,
O94925,Q15459,0.06431686084049389,
O94925,Q15843,8.980209822868647e-05,
O94925,Q16629,0.06513657806399237,
O94925,Q7Z417,0.03865559825538779,
O94925,Q96HC4,0.016227266994569077,
O94925,Q96KR1,0.02200382530264595,
O94925,Q96L92,0.002294104019369787,
O94925,Q9H0U4,0.0036897635211284286,
O94925,Q9HAV7,0.005342254740460072,
O94925,Q9NQP4,0.009489229253840117,
O94925,Q9NRX4,0.006346323752584626,
O94925,Q9UHD8,0.03031095856951975,
O94925,Q9UJZ1,0.04553475735019783,
O94925,Q9UMS6,0.022748300862790928,
O94925,Q9UNH7,0.00890990844201837,
O94925,Q9Y3D6,0.0004193584211026791,
P00568,O15143,0.020375666772887078,
P00568,O43617,0.05443657767036694,
P00568,O94925,0.055831221317128296,
P00568,P02652,0.011887333196012989,
P00568,P04179,0.009316450095006161,
P00568,P05121,0.046963127033067126,
P00568,P05976,0.002337520820521332,
P00568,P06753,0.01286496296230833,
P00568,P07203,0.00023340988036058395,
P00568,P07339,0.028378203555280774,
P00568,P12956,0.0007310909731927056,
P00568,P13010,0.0014145506812247737,
P00568,P14314,0.0026438924255335196,
P00568,P15374,0.020013750554045563,
P00568,P18859,0.014356844260541703,
P00568,P21281,0.03938936350047752,
P00568,P23246,0.01644732009996238,
P00568,P26022,0.00762690283027992,
P00568,P26447,0.009165135651891252,
P00568,P27816,0.001986817542849435,
P00568,P30048,0.0007125519598157169,
P00568,P30085,0.0003323523426295806,
P00568,P35222,0.01882478240723855,
P00568,P36957,0.01022568463591562,
P00568,P37837,0.00016910276307994455,
P00568,P38606,0.021395299730831038,
P00568,P40926,0.0008155655319128492,
P00568,P42765,0.017881002201379573,
P00568,P45877,0.01937708588640563,
P00568,P46379,0.012061957087313313,
P00568,P48556,0.05884317394374316,
P00568,P49756,0.018243284158654186,
P00568,P52943,0.011166023112151433,
P00568,P53621,0.008794982645295359,
P00568,P56192,0.009946081817793813,
P00568,P61981,0.018189833059803085,
P00568,P62249,0.008815672377475115,
P00568,P62328,0.009812918325629498,
P00568,P62854,0.018279144606896662,
P00568,P62888,0.001743781452438503,
P00568,P62906,8.58436195920413e-05,
P00568,P62913,0.00048351117218071435,
P00568,P62917,0.0024543725067847407,
P00568,Q01995,0.0010331931547434576,
P00568,Q02218,3.48829930916258e-05,
P00568,Q02818,0.01764923852691441,
P00568,Q05682,0.0010317767535950025,
P00568,Q07065,0.00033746817376512225,
P00568,Q07866,0.05315834769614861,
P00568,Q07954,0.0033293054844138166,
P00568,Q13162,0.002552216928182499,
P00568,Q13263,0.018498756718552358,
P00568,Q14011,0.0009455679400026124,
P00568,Q14444,0.05735569915186181,
P00568,Q15233,0.01290843801201863,
P00568,Q15459,0.0003558550826157189,
P00568,Q15843,0.02047523094890405,
P00568,Q16629,6.55815009121674e-05,
P00568,Q7Z417,0.012769807639722104,
P00568,Q96HC4,7.09236839963946e-05,
P00568,Q96KR1,0.01937854027750444,
P00568,Q96L92,0.05392525849641615,
P00568,Q9H0U4,0.012545779135185233,
P00568,Q9HAV7,0.014787125969094707,
P00568,Q9NQP4,0.0167069090660677,
P00568,Q9NRX4,0.002255809723535132,
P00568,Q9UHD8,5.1108428053307046e-05,
P00568,Q9UJZ1,0.01364231270917734,
P00568,Q9UMS6,9.993173872358197e-05,
P00568,Q9UNH7,0.01730397168009345,
P00568,Q9Y3D6,0.010312790060052762,
P02652,O15143,0.0064147793367425165,
P02652,O43617,0.01965640646631078,
P02652,O94925,0.0017272399093639526,
P02652,P00568,0.0007900586202150096,
P02652,P04179,0.010061311397685496,
P02652,P05121,0.009856703231957495,
P02652,P05976,0.004499568416664594,
P02652,P06753,0.028089360773038773,
P02652,P07203,0.010349334711889164,
P02652,P07339,0.0004989182085819444,
P02652,P12956,0.0014532322541040963,
P02652,P13010,0.0003052768949112209,
P02652,P14314,0.00028410638148516866,
P02652,P15374,0.010715700436361544,
P02652,P18859,0.01962170902158393,
P02652,P21281,0.0028734911896408305,
P02652,P23246,0.00010243315195279284,
P02652,P26022,0.003616383062528666,
P02652,P26447,0.001874599609974745,
P02652,P27816,0.046013223928917296,
P02652,P30048,0.002021924362587239,
P02652,P30085,0.0018632057190960242,
P02652,P35222,0.000225870731823844,
P02652,P36957,0.009995199193165214,
P02652,P37837,0.11329456030871068,
P02652,P38606,0.01945816300830734,
P02652,P40926,0.0001518158303849102,
P02652,P42765,0.019320675147707297,
P02652,P45877,0.00020080653573076605,
P02652,P46379,0.005845285842136521,
P02652,P48556,0.002289066943404678,
P02652,P49756,0.0005724053537416483,
P02652,P52943,0.0006628076862720876,
P02652,P53621,0.009342357302616866,
P02652,P56192,0.00013429175937112992,
P02652,P61981,0.026413106426795244,
P02652,P62249,0.0003436808746693921,
P02652,P62328,0.04453594367200573,
P02652,P62854,0.005547610151018254,
P02652,P62888,0.00045808253094490415,
P02652,P62906,0.0016005012003024435,
P02652,P62913,0.0009144377137720254,
P02652,P62917,0.0003612646515389792,
P02652,Q01995,0.010102205948752791,
P02652,Q02218,0.00019963451763744595,
P02652,Q02818,0.0014012488775836606,
P02652,Q05682,0.02795001732965049,
P02652,Q07065,0.00030421526083480985,
P02652,Q07866,0.0014841778529358926,
P02652,Q07954,0.05434530438265492,
P02652,Q13162,0.011447460031299478,
P02652,Q13263,0.0055647733018599375,
P02652,Q14011,0.05343309382082978,
P02652,Q14444,0.0015539724862760537,
P02652,Q15233,0.018621694218837918,
P02652,Q15459,0.00161005641681644,
P02652,Q15843,0.007912041899778136,
P02652,Q16629,0.027375860612717618,
P02652,Q7Z417,0.014579684926449184,
P02652,Q96HC4,0.02472206784303862,
P02652,Q96KR1,0.018536723138351946,
P02652,Q96L92,0.009946742247547867,
P02652,Q9H0U4,0.017302002085289633,
P02652,Q9HAV7,0.0034424125890301135,
P02652,Q9NQP4,0.17568485702362338,
P02652,Q9NRX4,0.005876409596644072,
P02652,Q9UHD8,0.010476956408420626,
P02652,Q9UJZ1,0.005481922170719922,
P02652,Q9UMS6,0.013411424033142515,
P02652,Q9UNH7,0.010810069965907882,
P02652,Q9Y3D6,0.0015683214630480436,
P04179,O15143,0.00015830504655059728,
P04179,O43617,0.0034296632074384326,
P04179,O94925,0.0029824936475217004,
P04179,P00568,0.0009252366872046972,
P04179,P02652,0.001641111462913524,
P04179,P05121,0.00798321327826116,
P04179,P05976,0.0026425004288651577,
P04179,P06753,0.002462262614891415,
P04179,P07203,0.011120409527355147,
P04179,P07339,0.020498445819016706,
P04179,P12956,0.02420825583297927,
P04179,P13010,0.016816340566996168,
P04179,P14314,0.0010428050478483155,
P04179,P15374,0.00029968207003775284,
P04179,P18859,0.02782148572581995,
P04179,P21281,0.0023239245043282287,
P04179,P23246,0.03276135385355116,
P04179,P26022,0.01993994909623791,
P04179,P26447,0.01262599949812677,
P04179,P27816,0.0012509700374772736,
P04179,P30048,0.004007551641006949,
P04179,P30085,0.011079027439987297,
P04179,P35222,0.0022465025165886777,
P04179,P36957,0.020071394591498423,
P04179,P37837,0.00526023608054289,
P04179,P38606,0.016327107992733972,
P04179,P40926,0.008932252340600353,
P04179,P42765,0.06320096699946448,
P04179,P45877,0.05008361103979959,
P04179,P46379,0.005322992047899083,
P04179,P48556,0.014886732374239167,
P04179,P49756,0.006175811056346336,
P04179,P52943,0.0026990610877006137,
P04179,P53621,0.03210275214279273,
P04179,P56192,0.035451244752813985,
P04179,P61981,0.01731535017564101,
P04179,P62249,0.04163840854574993,
P04179,P62328,0.007407190748289717,
P04179,P62854,0.02479840392615875,
P04179,P62888,0.018137135494374047,
P04179,P62906,0.00022591990382779312,
P04179,P62913,0.019172866448808012,
P04179,P62917,0.0029991658862595244,
P04179,Q01995,0.04093671263200295,
P04179,Q02218,0.0027497888824732307,
P04179,Q02818,0.0019800668784739316,
P04179,Q05682,0.0034447791098912045,
P04179,Q07065,0.010277405302751612,
P04179,Q07866,0.019815206786035985,
P04179,Q07954,0.006889122887646126,
P04179,Q13162,0.013316556641945603,
P04179,Q13263,0.012529324009011205,
P04179,Q14011,0.0025414584362810706,
P04179,Q14444,0.02636436143118588,
P04179,Q15233,0.04450279237150871,
P04179,Q15459,0.00036189875522929136,
P04179,Q15843,0.01250180069088742,
P04179,Q16629,0.019969887154917973,
P04179,Q7Z417,0.014203844047822494,
P04179,Q96HC4,0.0025993764929398686,
P04179,Q96KR1,0.011304347336182862,
P04179,Q96L92,0.008949087356951397,
P04179,Q9H0U4,0.00955296342612699,
P04179,Q9HAV7,0.017658205851424347,
P04179,Q9NQP4,0.00946322453428811,
P04179,Q9NRX4,0.000635965162253518,
P04179,Q9UHD8,0.0006755165586188472,
P04179,Q9UJZ1,0.01606636969596986,
P04179,Q9UMS6,0.012431119174277194,
P04179,Q9UNH7,0.04020560355311274,
P04179,Q9Y3D6,0.016697503999621725,
P05121,O15143,0.0014858992950467853,
P05121,O43617,0.010681011450381854,
P05121,O94925,0.021176564762138948,
P05121,P00568,0.001631573996767065,
P05121,P02652,0.002121276614867305,
P05121,P04179,0.005476614955666869,
P05121,P05976,0.04389522754101665,
P05121,P06753,0.007184746983613011,
P05121,P07203,0.05202035421119166,
P05121,P07339,0.011721297844190993,
P05121,P12956,0.0006462901736166873,
P05121,P13010,0.0015316777701080003,
P05121,P14314,0.0010046779076528926,
P05121,P15374,0.009899040387366274,
P05121,P18859,0.008400827438497425,
P05121,P21281,0.008491127497475775,
P05121,P23246,0.00831559056724069,
P05121,P26022,0.03546969656291296,
P05121,P26447,0.01037974402946017,
P05121,P27816,0.03469761768262135,
P05121,P30048,0.04765699951866111,
P05121,P30085,0.026519822906613665,
P05121,P35222,0.009803606455840233,
P05121,P36957,0.010969052591115745,
P05121,P37837,0.02138602669722457,
P05121,P38606,0.01964117013692707,
P05121,P40926,0.00024716576364206634,
P05121,P42765,0.020666408692215633,
P05121,P45877,0.001900556950500683,
P05121,P46379,0.019014687352775943,
P05121,P48556,0.0009934235128798237,
P05121,P49756,0.009345670603425234,
P05121,P52943,0.03408585751353928,
P05121,P53621,0.014256936551494974,
P05121,P56192,0.0008616374999191934,
P05121,P61981,0.00017319476974505155,
P05121,P62249,0.0009679253832467057,
P05121,P62328,9.784220708836099e-05,
P05121,P62854,0.008587619503937905,
P05121,P62888,0.0003429895271976436,
P05121,P62906,0.0011342185479451714,
P05121,P62913,0.00026931391544297666,
P05121,P62917,0.001414415307336452,
P05121,Q01995,0.0006636959053748663,
P05121,Q02218,0.0009735972672419647,
P05121,Q02818,0.01168422378116441,
P05121,Q05682,0.00044221962711760377,
P05121,Q07065,0.009669434618832148,
P05121,Q07866,0.015230197718689496,
P05121,Q07954,0.019468602915527836,
P05121,Q13162,0.028875943166914428,
P05121,Q13263,0.0034377897717832073,
P05121,Q14011,0.027680129791612412,
P05121,Q14444,0.0007158481845256715,
P05121,Q15233,0.011362959215256135,
P05121,Q15459,0.04639232290171061,
P05121,Q15843,0.0006476395951471349,
P05121,Q16629,0.00014901489838145809,
P05121,Q7Z417,0.047885119405142104,
P05121,Q96HC4,0.03521735774858747,
P05121,Q96KR1,0.011136982996120627,
P05121,Q96L92,0.00013952324675891044,
P05121,Q9H0U4,0.01509605374917736,
P05121,Q9HAV7,0.1353495548502524,
P05121,Q9NQP4,0.016072498601697596,
P05121,Q9NRX4,0.0009937898277133643,
P05121,Q9UHD8,0.0004464067393227379,
P05121,Q9UJZ1,0.010459127148660135,
P05121,Q9UMS6,0.009543709099991188,
P05121,Q9UNH7,0.002745785871787663,
P05121,Q9Y3D6,0.002840139907657011,
P05976,O15143,0.028362019821178273,
P05976,O43617,4.9078314461052257e-05,
P05976,O94925,0.048315248563304845,
P05976,P00568,0.04451203135882502,
P05976,P02652,0.027670075836624307,
P05976,P04179,0.0005679995564366157,
P05976,P05121,0.0006692071142376496,
P05976,P06753,0.007548219467002415,
P05976,P07203,0.0018426733903261939,
P05976,P07339,0.019865681861838368,
P05976,P12956,0.002938019122977997,
P05976,P13010,0.025569283784475365,
P05976,P14314,0.001604485144975804,
P05976,P15374,0.0002622394098789511,
P05976,P18859,0.026338284299444976,
P05976,P21281,0.00011031410448924298,
P05976,P23246,0.004454090618556512,
P05976,P26022,0.029054593953944784,
P05976,P26447,0.0004658011036091479,
P05976,P27816,0.028155368112362838,
P05976,P30048,0.009628851914213168,
P05976,P30085,0.00975178458043965,
P05976,P35222,0.01035132692953009,
P05976,P36957,0.0009199228957127901,
P05976,P37837,0.02653853837383039,
P05976,P38606,1.1505123921641921e-06,
P05976,P40926,0.001055745451152088,
P05976,P42765,0.03860353848196113,
P05976,P45877,0.023981712883382817,
P05976,P46379,0.0005222307630482637,
P05976,P48556,0.012180872118644664,
P05976,P49756,0.0006329401252230562,
P05976,P52943,0.009568480995152492,
P05976,P53621,0.02864604438928049,
P05976,P56192,0.008975387843808209,
P05976,P61981,0.009193534340679283,
P05976,P62249,0.010034269029403426,
P05976,P62328,0.001513256016257114,
P05976,P62854,0.04705455820158874,
P05976,P62888,0.0030816823299192626,
P05976,P62906,0.03740189891354429,
P05976,P62913,0.028961937750203795,
P05976,P62917,0.0006377126814296315,
P05976,Q01995,0.01313456421123218,
P05976,Q02218,0.018804637873227642,
P05976,Q02818,0.09390181376284755,
P05976,Q05682,0.011509444169570511,
P05976,Q07065,0.0056053788659333305,
P05976,Q07866,0.008819421694313953,
P05976,Q07954,9.386553200374246e-05,
P05976,Q13162,0.0006541031768627762,
P05976,Q13263,0.009812631452317535,
P05976,Q14011,0.009830292495537997,
P05976,Q14444,0.020619426871116776,
P05976,Q15233,0.0023197975422669793,
P05976,Q15459,0.026409047571167542,
P05976,Q15843,0.0025985886760692845,
P05976,Q16629,9.91325621396583e-05,
P05976,Q7Z417,0.0009042515734498964,
P05976,Q96HC4,0.027604286144359252,
P05976,Q96KR1,0.011563523052594,
P05976,Q96L92,0.010126117183136066,
P05976,Q9H0U4,0.0011107336275856085,
P05976,Q9HAV7,0.0013754703082136147,
P05976,Q9NQP4,3.650051436779599e-05,
P05976,Q9NRX4,0.002361965979026228,
P05976,Q9UHD8,0.010488319506769919,
P05976,Q9UJZ1,0.04968047771666226,
P05976,Q9UMS6,0.00824405547837854,
P05976,Q9UNH7,0.02006727881181826,
P05976,Q9Y3D6,0.013770813281686249,
P06753,O15143,0.010669905694421177,
P06753,O43617,0.0003167112433665717,
P06753,O94925,0.011648360406522546,
P06753,P00568,4.949099635474196e-05,
P06753,P02652,0.00011666926135480167,
P06753,P04179,0.0327718088834053,
P06753,P05121,0.017325817977477793,
P06753,P05976,0.0034779443625489732,
P06753,P07203,0.0020284265772966097,
P06753,P07339,0.009383615252478711,
P06753,P12956,0.05208930565130474,
P06753,P13010,0.02399761045802856,
P06753,P14314,3.596685342196658e-05,
P06753,P15374,0.0001456183902874018,
P06753,P18859,0.0177692202185304,
P06753,P21281,0.010185290314279404,
P06753,P23246,0.08010424035827722,
P06753,P26022,0.023705186728113836,
P06753,P26447,0.002008465051060197,
P06753,P27816,0.020487142427984793,
P06753,P30048,0.01182925094135565,
P06753,P30085,0.013623028824710628,
P06753,P35222,0.011684205039013856,
P06753,P36957,0.0035647608085978433,
P06753,P37837,0.004623232264023599,
P06753,P38606,9.95440808435347e-05,
P06753,P40926,8.340519571662556e-05,
P06753,P42765,0.0779881210020665,
P06753,P45877,0.041854224164120254,
P06753,P46379,0.0076419573213790245,
P06753,P48556,0.00985291975063868,
P06753,P49756,0.001112021860954762,
P06753,P52943,0.002420698429096861,
P06753,P53621,0.013559526969657487,
P06753,P56192,0.058903109543035494,
P06753,P61981,0.0005784505263310428,
P06753,P62249,0.016142804509031192,
P06753,P62328,0.0005094851546599198,
P06753,P62854,0.02001274409893589,
P06753,P62888,0.00972721083986053,
P06753,P62906,0.013769680642659585,
P06753,P62913,0.041390366683833835,
P06753,P62917,0.0005601221651605282,
P06753,Q01995,0.0060249298055378465,
P06753,Q02218,0.0040457121340179095,
P06753,Q02818,0.01065632393963026,
P06753,Q05682,0.012646973026185686,
P06753,Q07065,0.018986005470998657,
P06753,Q07866,0.0049896809711198154,
P06753,Q07954,0.0040223664163727794,
P06753,Q13162,0.008624768515822539,
P06753,Q13263,0.018571323997927932,
P06753,Q14011,0.012553716910908367,
P06753,Q14444,0.024929554149112278,
P06753,Q15233,0.04564171031966734,
P06753,Q15459,0.0013892851645124177,
P06753,Q15843,0.0006642085428005613,
P06753,Q16629,0.0004065691842257556,
P06753,Q7Z417,0.026121624662777346,
P06753,Q96HC4,0.0001151321660913998,
P06753,Q96KR1,0.009765503904404334,
P06753,Q96L92,0.01922524882450411,
P06753,Q9H0U4,0.012394136387726032,
P06753,Q9HAV7,0.011217032956854733,
P06753,Q9NQP4,0.005159287888959899,
P06753,Q9NRX4,0.0007393808597528535,
P06753,Q9UHD8,0.009928205158517693,
P06753,Q9UJZ1,0.008787579603297423,
P06753,Q9UMS6,0.026668314878541363,
P06753,Q9UNH7,0.0017566184251113467,
P06753,Q9Y3D6,0.004004131400941337,
P07203,O15143,0.00029156262330338713,
P07203,O43617,0.035029937929494874,
P07203,O94925,0.0009117707298526925,
P07203,P00568,0.02277870475030246,
P07203,P02652,0.044565225684670924,
P07203,P04179,0.0616804239836406,
P07203,P05121,0.008400061424586554,
P07203,P05976,0.028638239811911083,
P07203,P06753,0.006942099764223449,
P07203,P07339,0.030957474989158094,
P07203,P12956,0.0019376821962194168,
P07203,P13010,0.025821713021553085,
P07203,P14314,0.0035375668765141306,
P07203,P15374,0.0230160169033068,
P07203,P18859,0.020486868555097612,
P07203,P21281,0.0028503428674285054,
P07203,P23246,0.009816140474470774,
P07203,P26022,0.01069524497741625,
P07203,P26447,0.0016294765761636148,
P07203,P27816,0.011364082713816925,
P07203,P30048,0.0019899309075138193,
P07203,P30085,0.001367133337828062,
P07203,P35222,0.011836710735411975,
P07203,P36957,0.06668655909248358,
P07203,P37837,0.0006418909319171714,
P07203,P38606,0.007521251232101296,
P07203,P40926,0.0006295305085192364,
P07203,P42765,0.020056136242131827,
P07203,P45877,0.006022628312433661,
P07203,P46379,0.021151196745268826,
P07203,P48556,0.03288228145639265,
P07203,P49756,0.010359592380165173,
P07203,P52943,0.0027712657122956254,
P07203,P53621,0.0008302230854325602,
P07203,P56192,0.0026681698494921574,
P07203,P61981,0.017940136378913635,
P07203,P62249,0.0012858289121116554,
P07203,P62328,0.02692298278825032,
P07203,P62854,0.0024815581540195155,
P07203,P62888,0.002132690731054449,
P07203,P62906,0.0018262352631320227,
P07203,P62913,0.02068471674739309,
P07203,P62917,0.014438849464638555,
P07203,Q01995,0.04195261003859096,
P07203,Q02218,0.004278089696675979,
P07203,Q02818,0.0004083183133546141,
P07203,Q05682,0.009797986830970117,
P07203,Q07065,0.01864226114279727,
P07203,Q07866,0.0002701940125677238,
P07203,Q07954,0.003520144349192149,
P07203,Q13162,0.010201946744290823,
P07203,Q13263,0.00213365003291188,
P07203,Q14011,0.0026681316843712587,
P07203,Q14444,0.03894686817895988,
P07203,Q15233,0.009077418985890857,
P07203,Q15459,0.003944995755988356,
P07203,Q15843,0.021141808697737997,
P07203,Q16629,0.00691180882849352,
P07203,Q7Z417,0.0013140346140016303,
P07203,Q96HC4,0.010943879069134983,
P07203,Q96KR1,0.01858268530763299,
P07203,Q96L92,0.035837582557279535,
P07203,Q9H0U4,0.0079993471536717,
P07203,Q9HAV7,0.0013047652057486692,
P07203,Q9NQP4,0.003270466048512372,
P07203,Q9NRX4,0.0028009141350480897,
P07203,Q9UHD8,0.017428223998313147,
P07203,Q9UJZ1,0.008340574998092714,
P07203,Q9UMS6,0.013827048348026158,
P07203,Q9UNH7,0.011866106309439689,
P07203,Q9Y3D6,0.05738242418755976,
P07339,O15143,0.006853755241418798,
P07339,O43617,0.001022141975754948,
P07339,O94925,4.441007943100155e-05,
P07339,P00568,0.03793493849439905,
P07339,P02652,0.013813754861162,
P07339,P04179,0.0018649175164615287,
P07339,P05121,0.011517190144694983,
P07339,P05976,0.0005464688377438176,
P07339,P06753,0.034306618839264086,
P07339,P07203,0.0037797199370450014,
P07339,P12956,0.007679370657774495,
P07339,P13010,0.030210801089766638,
P07339,P14314,0.00460793366809745,
P07339,P15374,0.000924210767181579,
P07339,P18859,0.004320146583074968,
P07339,P21281,0.010186502426474025,
P07339,P23246,0.011544924051972678,
P07339,P26022,0.017681788978784377,
P07339,P26447,0.011903500163026316,
P07339,P27816,0.007367413858678166,
P07339,P30048,0.001807222135269723,
P07339,P30085,0.012346340953063872,
P07339,P35222,0.010106345013405973,
P07339,P36957,0.008405846802563306,
P07339,P37837,5.477498322501303e-05,
P07339,P38606,0.09471452269711904,
P07339,P40926,0.002649179761391961,
P07339,P42765,0.0025978650076782,
P07339,P45877,0.00126091891608764,
P07339,P46379,0.009580723465855949,
P07339,P48556,0.008757787160711305,
P07339,P49756,0.002806141870687144,
P07339,P52943,0.017580827077682458,
P07339,P53621,0.0034126495963813495,
P07339,P56192,0.05570375028488573,
P07339,P61981,0.012125155578653351,
P07339,P62249,0.009541206359774946,
P07339,P62328,0.0010167384154483828,
P07339,P62854,0.00022849402318450405,
P07339,P62888,0.005195626328377559,
P07339,P62906,0.030126509209219283,
P07339,P62913,0.001577821743244698,
P07339,P62917,0.0014258629473167083,
P07339,Q01995,0.008279201490998131,
P07339,Q02218,0.0184503862212469,
P07339,Q02818,0.00967045241468601,
P07339,Q05682,0.0020160894765845253,
P07339,Q07065,0.03866296241896904,
P07339,Q07866,0.008184523455367453,
P07339,Q07954,0.0026280591462887154,
P07339,Q13162,0.013163319580284112,
P07339,Q13263,0.0013699225859345274,
P07339,Q14011,0.009248819831182462,
P07339,Q14444,0.017268625946574367,
P07339,Q15233,0.01157205052120167,
P07339,Q15459,0.04351043101557529,
P07339,Q15843,8.311640682552751e-05,
P07339,Q16629,0.026317849415324553,
P07339,Q7Z417,0.0093902334938906,
P07339,Q96HC4,0.00047733909991251594,
P07339,Q96KR1,0.0026650120669689252,
P07339,Q96L92,0.007881739730624037,
P07339,Q9H0U4,0.02600753472657912,
P07339,Q9HAV7,0.0074841995993271855,
P07339,Q9NQP4,0.0046659053279555635,
P07339,Q9NRX4,0.0255051420263202,
P07339,Q9UHD8,0.003827835744039164,
P07339,Q9UJZ1,0.1713454450510752,
P07339,Q9UMS6,0.0009443852626506511,
P07339,Q9UNH7,0.007051461983464299,
P07339,Q9Y3D6,0.010967016312826825,
P12956,O15143,0.0008637425179208284,
P12956,O43617,0.009384082422093362,
P12956,O94925,0.010974706056032225,
P12956,P00568,0.001428927181551079,
P12956,P02652,0.011103492830904614,
P12956,P04179,0.035660120581212554,
P12956,P05121,0.007421721466153224,
P12956,P05976,0.02892820638441186,
P12956,P06753,0.01284649353405264,
P12956,P07203,0.0112008511595092,
P12956,P07339,0.0011066822113323998,
P12956,P13010,0.027353185921628154,
P12956,P14314,0.00046229250076936716,
P12956,P15374,0.018714701263743246,
P12956,P18859,0.018781822914218385,
P12956,P21281,0.0004729315295802155,
P12956,P23246,0.0435795696347364,
P12956,P26022,0.03700681110494185,
P12956,P26447,0.03214202802056607,
P12956,P27816,0.019864154632770355,
P12956,P30048,0.00017436103244509375,
P12956,P30085,0.0005111924965756924,
P12956,P35222,0.0009966454531827687,
P12956,P36957,0.016715630528472077,
P12956,P37837,0.0014518182188066413,
P12956,P38606,0.0006256531349702291,
P12956,P40926,0.0012289444009193384,
P12956,P42765,0.015199664304170992,
P12956,P45877,0.03388455133282486,
P12956,P46379,0.037524267619757794,
P12956,P48556,0.009277909217795161,
P12956,P49756,0.010327025350218464,
P12956,P52943,0.00031602961422141815,
P12956,P53621,0.013994010802123702,
P12956,P56192,0.009474875693196518,
P12956,P61981,0.010363781604316552,
P12956,P62249,0.04949080868600845,
P12956,P62328,0.008030244629964645,
P12956,P62854,0.010235272817888752,
P12956,P62888,0.034067023486365436,
P12956,P62906,0.013549701975018242,
P12956,P62913,0.04456378076712603,
P12956,P62917,0.0019181943986432699,
P12956,Q01995,0.012952926636805327,
P12956,Q02218,0.030006044744722758,
P12956,Q02818,0.010970158019509442,
P12956,Q05682,0.0011236959631406571,
P12956,Q07065,0.003636686690332487,
P12956,Q07866,0.002697704162117786,
P12956,Q07954,0.0008202881024610084,
P12956,Q13162,0.004765622668206574,
P12956,Q13263,0.021665444504876702,
P12956,Q14011,0.008956918581767495,
P12956,Q14444,0.04898187316459808,
P12956,Q15233,0.010173846894574168,
P12956,Q15459,0.011811300262541713,
P12956,Q15843,0.017945890550078617,
P12956,Q16629,0.009626897984377934,
P12956,Q7Z417,0.0019436231677962509,
P12956,Q96HC4,0.0010839542463238214,
P12956,Q96KR1,0.005637070812077397,
P12956,Q96L92,0.0024151241942169783,
P12956,Q9H0U4,0.001490861113448978,
P12956,Q9HAV7,0.023165313886793912,
P12956,Q9NQP4,0.0013080138428051694,
P12956,Q9NRX4,0.003104464927279846,
P12956,Q9UHD8,0.006254756515307848,
P12956,Q9UJZ1,0.0012169317407435785,
P12956,Q9UMS6,0.005473634793938825,
P12956,Q9UNH7,0.06925842727531459,
P12956,Q9Y3D6,0.0013768266380923715,
P13010,O15143,7.620437546079734e-05,
P13010,O43617,0.028077896211279457,
P13010,O94925,0.021716196306966307,
P13010,P00568,8.868072975557052e-05,
P13010,P02652,0.00013826462637749862,
P13010,P04179,0.009537878679331677,
P13010,P05121,0.0024375812335901996,
P13010,P05976,0.03405622854347484,
P13010,P06753,0.0008280794606482659,
P13010,P07203,0.009794631614406406,
P13010,P07339,0.017816560843777755,
P13010,P12956,0.017189578486234706,
P13010,P14314,0.008805926794628249,
P13010,P15374,0.00155637352496073,
P13010,P18859,0.01662039084262197,
P13010,P21281,0.011296383601118816,
P13010,P23246,0.021048393835524735,
P13010,P26022,0.01264366777978015,
P13010,P26447,0.03036226593864924,
P13010,P27816,0.009387319264191268,
P13010,P30048,0.0036487288201370355,
P13010,P30085,0.007304912444336559,
P13010,P35222,0.0010105871039462649,
P13010,P36957,0.01810193125895743,
P13010,P37837,0.00014858800761496528,
P13010,P38606,0.0032580986288568365,
P13010,P40926,0.007050514929897985,
P13010,P42765,0.01969816520037838,
P13010,P45877,0.003312822158711125,
P13010,P46379,0.03403009688648529,
P13010,P48556,0.012256526502494543,
P13010,P49756,0.00037896296910498327,
P13010,P52943,0.011197499526031655,
P13010,P53621,0.021470951097899756,
P13010,P56192,0.003871000926154781,
P13010,P61981,0.017168741813053733,
P13010,P62249,0.019506861459256807,
P13010,P62328,0.0007039219796851654,
P13010,P62854,0.018075135740061955,
P13010,P62888,0.026038129911812476,
P13010,P62906,0.0030502639689630184,
P13010,P62913,0.034313849285382794,
P13010,P62917,0.01639767230895546,
P13010,Q01995,0.027366921242063653,
P13010,Q02218,0.014896319183805311,
P13010,Q02818,0.0008459508375517921,
P13010,Q05682,0.008477144336844033,
P13010,Q07065,0.025939145030907405,
P13010,Q07866,0.005494629790516587,
P13010,Q07954,0.026662252110992567,
P13010,Q13162,0.00491012986580177,
P13010,Q13263,0.03671678382655586,
P13010,Q14011,0.004716989715362749,
P13010,Q14444,0.02246994138018856,
P13010,Q15233,0.0045065021824315585,
P13010,Q15459,0.009236544643305674,
P13010,Q15843,0.09002410749957605,
P13010,Q16629,0.00010467328310501619,
P13010,Q7Z417,0.0025859750977578213,
P13010,Q96HC4,0.0032816792545607033,
P13010,Q96KR1,0.00012419022220351084,
P13010,Q96L92,0.019846492414857683,
P13010,Q9H0U4,0.005317564182794677,
P13010,Q9HAV7,0.01866580615097234,
P13010,Q9NQP4,0.0007107926254319114,
P13010,Q9NRX4,0.00908751644742995,
P13010,Q9UHD8,0.01854730721136885,
P13010,Q9UJZ1,0.0016444469882931879,
P13010,Q9UMS6,0.009813494703701516,
P13010,Q9UNH7,0.029827656003844853,
P13010,Q9Y3D6,0.05746002650494363,
P14314,O15143,0.038080626251954644,
P14314,O43617,0.001451460371777809,
P14314,O94925,0.009389356630265045,
P14314,P00568,0.029288566732493762,
P14314,P02652,0.0036653324660625396,
P14314,P04179,0.002287365185940313,
P14314,P05121,0.010781167134708962,
P14314,P05976,0.03906361097511123,
P14314,P06753,0.0012121616604965123,
P14314,P07203,0.008285371229811048,
P14314,P07339,0.012653627136811847,
P14314,P12956,0.019616912161943383,
P14314,P13010,0.0009569242589033938,
P14314,P15374,0.00343464350468546,
P14314,P18859,0.007722448874104126,
P14314,P21281,0.008488841749721287,
P14314,P23246,0.002951698716956344,
P14314,P26022,0.02615373427545258,
P14314,P26447,0.010642856103723883,
P14314,P27816,0.0039019218221065903,
P14314,P30048,6.943780287959754e-05,
P14314,P30085,0.0013735944127998279,
P14314,P35222,0.01832877990624885,
P14314,P36957,0.0070633096189036,
P14314,P37837,0.013543711187266865,
P14314,P38606,0.013196646170111933,
P14314,P40926,0.001901015505422505,
P14314,P42765,0.008489027011196014,
P14314,P45877,0.01340391818781993,
P14314,P46379,0.017792961862412013,
P14314,P48556,0.0010028178113264004,
P14314,P49756,0.014397563645867372,
P14314,P52943,0.0005134438091945658,
P14314,P53621,0.01372944394147563,
P14314,P56192,0.011013237492188221,
P14314,P61981,0.010643842358539022,
P14314,P62249,0.018161734191939085,
P14314,P62328,0.00023141155361110485,
P14314,P62854,0.02074869428336347,
P14314,P62888,0.010644699145646894,
P14314,P62906,0.0191497643962443,
P14314,P62913,8.018328056664212e-05,
P14314,P62917,0.006445260838381463,
P14314,Q01995,0.0018799180414413802,
P14314,Q02218,0.01549457398409403,
P14314,Q02818,0.06382768886892701,
P14314,Q05682,0.011057059330227928,
P14314,Q07065,0.05458955090216902,
P14314,Q07866,0.0014694630300095546,
P14314,Q07954,0.0008223413000817324,
P14314,Q13162,0.01943152593317672,
P14314,Q13263,0.00016100981541460505,
P14314,Q14011,0.035197519839952784,
P14314,Q14444,0.003005950196182393,
P14314,Q15233,0.014301474315363718,
P14314,Q15459,0.01977914678315565,
P14314,Q15843,0.018166502010193507,
P14314,Q16629,0.0006273398443360618,
P14314,Q7Z417,0.04659167857273844,
P14314,Q96HC4,0.0005396456755909265,
P14314,Q96KR1,0.019900392155143082,
P14314,Q96L92,0.0004190028017932612,
P14314,Q9H0U4,0.019000259712139082,
P14314,Q9HAV7,0.018276697950492415,
P14314,Q9NQP4,0.01282883452599828,
P14314,Q9NRX4,0.0009362943030799413,
P14314,Q9UHD8,0.005213684904461328,
P14314,Q9UJZ1,0.1195403669109789,
P14314,Q9UMS6,0.014839827667150005,
P14314,Q9UNH7,0.002143319869790306,
P14314,Q9Y3D6,0.0023907844689801845,
P15374,O15143,0.019576210946103262,
P15374,O43617,0.00013166015516461962,
P15374,O94925,8.795788439022101e-05,
P15374,P00568,0.00021788789228990215,
P15374,P02652,0.0012996474012268036,
P15374,P04179,0.000706591039463214,
P15374,P05121,0.0004717174878430411,
P15374,P05976,0.009122067890421703,
P15374,P06753,0.0008032928494125703,
P15374,P07203,0.0009579420070705691,
P15374,P07339,0.00041585566659297653,
P15374,P12956,0.037593053925498575,
P15374,P13010,0.029054572132687757,
P15374,P14314,0.037718953871848475,
P15374,P18859,0.010006147787652585,
P15374,P21281,9.77412612896315e-05,
P15374,P23246,0.0003329426993830198,
P15374,P26022,0.010188538562157182,
P15374,P26447,0.00901814944295763,
P15374,P27816,0.00031714902560522326,
P15374,P30048,0.0005621627076337095,
P15374,P30085,0.018748676540536698,
P15374,P35222,0.010818893709748778,
P15374,P36957,0.000471330902357168,
P15374,P37837,0.0008362785039943691,
P15374,P38606,0.01190732284883425,
P15374,P40926,0.011366813855667339,
P15374,P42765,0.019771191906980387,
P15374,P45877,0.010530929662477368,
P15374,P46379,0.009382533748635234,
P15374,P48556,0.00011213744394695534,
P15374,P49756,0.00020364889131876273,
P15374,P52943,0.001810746986986466,
P15374,P53621,0.0018264826859913765,
P15374,P56192,0.028355207771438067,
P15374,P61981,0.01928649014549135,
P15374,P62249,0.010313543302394392,
P15374,P62328,0.0009199136771741714,
P15374,P62854,0.028875153970442997,
P15374,P62888,0.02112734011194813,
P15374,P62906,0.009271301886693596,
P15374,P62913,0.009561007422387276,
P15374,P62917,0.0008955324540812018,
P15374,Q01995,0.0014552321795925183,
P15374,Q02218,0.0005914635233889053,
P15374,Q02818,1.3217830940016234e-05,
P15374,Q05682,0.002257965589232256,
P15374,Q07065,0.3202960452716609,
P15374,Q07866,0.0013719599619869721,
P15374,Q07954,8.640606307206837e-06,
P15374,Q13162,0.020726362472938662,
P15374,Q13263,0.0007328830589376996,
P15374,Q14011,0.0015927050674412657,
P15374,Q14444,0.002221086724442389,
P15374,Q15233,0.0029939763516358487,
P15374,Q15459,0.0001844169985535852,
P15374,Q15843,0.0004951895676788521,
P15374,Q16629,0.019146119180492225,
P15374,Q7Z417,0.00019559996115855687,
P15374,Q96HC4,0.010568298538573558,
P15374,Q96KR1,0.01938802020919932,
P15374,Q96L92,0.0022825093796034813,
P15374,Q9H0U4,0.010477886771865945,
P15374,Q9HAV7,0.0006102794497579657,
P15374,Q9NQP4,0.0005707464261872314,
P15374,Q9NRX4,0.010798491617897551,
P15374,Q9UHD8,0.010160143350329595,
P15374,Q9UJZ1,0.07766874304968231,
P15374,Q9UMS6,0.04874693625632663,
P15374,Q9UNH7,0.018705033123834675,
P15374,Q9Y3D6,0.009568172119998428,
P18859,O15143,0.0010665038452820517,
P18859,O43617,0.03944536207232412,
P18859,O94925,0.020440804445791057,
P18859,P00568,0.010139718702632939,
P18859,P02652,0.02040780390546143,
P18859,P04179,0.017187657245983923,
P18859,P05121,0.07423067512829078,
P18859,P05976,0.004010242508438816,
P18859,P06753,0.0003006806434200012,
P18859,P07203,0.0001433238532612803,
P18859,P07339,0.007583778679948724,
P18859,P12956,0.017659892148195154,
P18859,P13010,0.002468276472059847,
P18859,P14314,0.006178329648445298,
P18859,P15374,0.008576754751640917,
P18859,P21281,0.0007814351814173766,
P18859,P23246,0.0003977154688740418,
P18859,P26022,8.14092281045765e-05,
P18859,P26447,0.026020648477920433,
P18859,P27816,0.003948439436611628,
P18859,P30048,0.0007610485854837771,
P18859,P30085,0.0016220210954944645,
P18859,P35222,0.014519826922498138,
P18859,P36957,0.02097733210232844,
P18859,P37837,0.0006648954028224281,
P18859,P38606,0.0010059734385906686,
P18859,P40926,0.00022416350085669936,
P18859,P42765,0.05216180795730521,
P18859,P45877,0.012529407867115877,
P18859,P46379,0.016428695735722167,
P18859,P48556,0.019830725743766663,
P18859,P49756,0.0002840710602556304,
P18859,P52943,0.02405094271704249,
P18859,P53621,0.01735713219378726,
P18859,P56192,0.005577920331075125,
P18859,P61981,0.02874007911793087,
P18859,P62249,0.0005973961197248966,
P18859,P62328,0.006902346404066334,
P18859,P62854,0.045719971712480385,
P18859,P62888,0.009159089037914184,
P18859,P62906,0.0005328855992315189,
P18859,P62913,0.03961976502859971,
P18859,P62917,0.001297332269264043,
P18859,Q01995,0.007243695848792211,
P18859,Q02218,0.01190427355641274,
P18859,Q02818,0.014840604910478552,
P18859,Q05682,0.011304481270954013,
P18859,Q07065,0.03456811899308696,
P18859,Q07866,0.01215866651245901,
P18859,Q07954,0.0058407811737328785,
P18859,Q13162,0.0009601607771955126,
P18859,Q13263,0.02960699107898438,
P18859,Q14011,0.018793387677554785,
P18859,Q14444,0.00955506256179129,
P18859,Q15233,0.0008434948582508024,
P18859,Q15459,0.0035618146035067883,
P18859,Q15843,0.06698575536911834,
P18859,Q16629,0.01427373411069336,
P18859,Q7Z417,0.031753110999762045,
P18859,Q96HC4,0.0022954940206482708,
P18859,Q96KR1,0.004301977600996399,
P18859,Q96L92,0.015811091822703387,
P18859,Q9H0U4,0.03473157816623695,
P18859,Q9HAV7,0.01114637833019807,
P18859,Q9NQP4,0.008891200729542206,
P18859,Q9NRX4,0.00442890766520522,
P18859,Q9UHD8,0.004664063782161566,
P18859,Q9UJZ1,5.7114497416037236e-05,
P18859,Q9UMS6,0.00828870765326233,
P18859,Q9UNH7,0.02306458251543293,
P18859,Q9Y3D6,0.017984591613642697,
P21281,O15143,0.0020766250352363272,
P21281,O43617,0.016057140622678774,
P21281,O94925,0.019777454568164807,
P21281,P00568,0.023153409230054982,
P21281,P02652,0.1908976757466503,
P21281,P04179,0.001194215654318101,
P21281,P05121,0.0013728106704584723,
P21281,P05976,0.0013065711627991692,
P21281,P06753,0.001822350824626959,
P21281,P07203,0.010081565579033381,
P21281,P07339,0.008588633224587439,
P21281,P12956,0.003068480633191838,
P21281,P13010,0.00012860117081226708,
P21281,P14314,0.0009201375672721145,
P21281,P15374,0.0019654418613143858,
P21281,P18859,0.0008158230970816018,
P21281,P23246,0.0024318539808162957,
P21281,P26022,0.004897855709888299,
P21281,P26447,0.008256951308860686,
P21281,P27816,0.0045312562316887775,
P21281,P30048,5.6448454639860785e-06,
P21281,P30085,2.5078976373690254e-05,
P21281,P35222,0.017213616908354417,
P21281,P36957,0.0011568718933368841,
P21281,P37837,0.002001634639004801,
P21281,P38606,0.0071133261757409605,
P21281,P40926,0.026378930274798672,
P21281,P42765,0.0016482835676644922,
P21281,P45877,0.00018998264314603727,
P21281,P46379,0.000629172028211985,
P21281,P48556,0.0012950951789144557,
P21281,P49756,0.06673887589075106,
P21281,P52943,0.003929053319143448,
P21281,P53621,0.005060498514672395,
P21281,P56192,0.0003321311120936348,
P21281,P61981,0.15360362942021302,
P21281,P62249,0.02179112630514302,
P21281,P62328,0.00018761090809728796,
P21281,P62854,0.004408148674704937,
P21281,P62888,0.003081692013471318,
P21281,P62906,0.0018674950274815355,
P21281,P62913,0.014326790476814946,
P21281,P62917,0.010837624678270333,
P21281,Q01995,0.00771552564577669,
P21281,Q02218,0.0012908003708102355,
P21281,Q02818,0.00010745387581099036,
P21281,Q05682,0.0077680578017842285,
P21281,Q07065,0.018953155068037717,
P21281,Q07866,0.01937788232191939,
P21281,Q07954,0.017737953997969083,
P21281,Q13162,0.008590810465474573,
P21281,Q13263,0.0020135230987010045,
P21281,Q14011,0.01753795453181109,
P21281,Q14444,0.016433085881103978,
P21281,Q15233,0.0021142344416815216,
P21281,Q15459,0.003826231890999902,
P21281,Q15843,0.050102121272722296,
P21281,Q16629,0.010168477306270489,
P21281,Q7Z417,3.3291027041274815e-05,
P21281,Q96HC4,0.011805261910962171,
P21281,Q96KR1,0.037516291068423566,
P21281,Q96L92,0.0011842416364414758,
P21281,Q9H0U4,0.002188571857941793,
P21281,Q9HAV7,0.0015759727486470497,
P21281,Q9NQP4,0.004804263242230343,
P21281,Q9NRX4,0.016507140104952595,
P21281,Q9UHD8,0.004982852487546566,
P21281,Q9UJZ1,0.01836703262500463,
P21281,Q9UMS6,0.0044330407793656745,
P21281,Q9UNH7,0.019145635969363587,
P21281,Q9Y3D6,0.0405279243450095,
P23246,O15143,0.00322969349537955,
P23246,O43617,0.01765233685563233,
P23246,O94925,0.012255955816961239,
P23246,P00568,0.0011393309704491328,
P23246,P02652,0.0038088500609680413,
P23246,P04179,0.03211258725856465,
P23246,P05121,0.021233747664083383,
P23246,P05976,0.008146274186228045,
P23246,P06753,0.011744600921575712,
P23246,P07203,0.004098219209971591,
P23246,P07339,0.005724407756205598,
P23246,P12956,0.04748544223035006,
P23246,P13010,0.02015726033869876,
P23246,P14314,0.00886240019119622,
P23246,P15374,0.008335563144375445,
P23246,P18859,0.03223674092247771,
P23246,P21281,0.005061738445096696,
P23246,P26022,0.01178763270208697,
P23246,P26447,0.00030487053336956,
P23246,P27816,0.0003017609386249425,
P23246,P30048,0.020185107514887207,
P23246,P30085,0.011090403478960365,
P23246,P35222,0.0033408424440421213,
P23246,P36957,0.016967619986136624,
P23246,P37837,0.0003965837310361678,
P23246,P38606,0.012625017386474337,
P23246,P40926,0.02032327612604999,
P23246,P42765,0.010868064590157232,
P23246,P45877,0.014407978770045427,
P23246,P46379,0.04042116031590329,
P23246,P48556,0.028168846112005843,
P23246,P49756,0.007763102443054777,
P23246,P52943,0.0004690922686806066,
P23246,P53621,0.010301882319533034,
P23246,P56192,0.011511806929714907,
P23246,P61981,5.546070378135804e-05,
P23246,P62249,0.01929548563023057,
P23246,P62328,0.010544682495965726,
P23246,P62854,0.03438240696285413,
P23246,P62888,0.04313731408219326,
P23246,P62906,3.87609162585233e-05,
P23246,P62913,0.034559399696033125,
P23246,P62917,0.0013835022200213618,
P23246,Q01995,0.020261639467691783,
P23246,Q02218,0.024955086813207253,
P23246,Q02818,0.027157169206065063,
P23246,Q05682,0.0008699956208240837,
P23246,Q07065,0.011137802495036153,
P23246,Q07866,0.05364886222492584,
P23246,Q07954,0.013272468267142434,
P23246,Q13162,0.0032875570991119747,
P23246,Q13263,0.03499130399696842,
P23246,Q14011,0.0024567676276421426,
P23246,Q14444,0.01828607068547988,
P23246,Q15233,0.0008880274233018959,
P23246,Q15459,0.0009174323078176235,
P23246,Q15843,0.014472127198318287,
P23246,Q16629,0.008284249008381922,
P23246,Q7Z417,0.00016021315153389758,
P23246,Q96HC4,0.0005427605198233036,
P23246,Q96KR1,0.007722048716123179,
P23246,Q96L92,0.0019275664974449424,
P23246,Q9H0U4,0.00974067658738846,
P23246,Q9HAV7,0.028080525562621764,
P23246,Q9NQP4,0.0012096525744540807,
P23246,Q9NRX4,0.007054072718856159,
P23246,Q9UHD8,0.00012575909420839206,
P23246,Q9UJZ1,6.782298508104038e-05,
P23246,Q9UMS6,0.0048051495812449895,
P23246,Q9UNH7,0.03424427805941243,
P23246,Q9Y3D6,0.018637659622363148,
P26022,O15143,0.009317925034665034,
P26022,O43617,0.0012774987406844187,
P26022,O94925,0.018903341135397794,
P26022,P00568,0.000165139212600586,
P26022,P02652,0.002054160749695968,
P26022,P04179,0.009666633193792235,
P26022,P05121,0.0001481484316350571,
P26022,P05976,0.010692021836390229,
P26022,P06753,0.032626675189570936,
P26022,P07203,0.00022595643651842764,
P26022,P07339,0.02126334971460978,
P26022,P12956,0.03936961046685237,
P26022,P13010,0.01926527185263948,
P26022,P14314,0.009613305118218672,
P26022,P15374,0.020416955593021015,
P26022,P18859,0.010284451909217672,
P26022,P21281,0.010943791233048736,
P26022,P23246,0.009204125104886418,
P26022,P26447,0.05688633557244743,
P26022,P27816,0.0021939533426069127,
P26022,P30048,0.0006356041435045903,
P26022,P30085,0.012158859724296473,
P26022,P35222,0.0009778055232966775,
P26022,P36957,0.019030776766850846,
P26022,P37837,0.0209528061420915,
P26022,P38606,0.0019444407208678621,
P26022,P40926,0.0015083174471918212,
P26022,P42765,0.011718688500067633,
P26022,P45877,0.009567399524863815,
P26022,P46379,0.019028745205276906,
P26022,P48556,0.02709387278204384,
P26022,P49756,0.0001460976267056199,
P26022,P52943,0.009692036972331682,
P26022,P53621,0.018917590445099778,
P26022,P56192,0.0012669591982511054,
P26022,P61981,2.636638978262893e-05,
P26022,P62249,0.03715808290818272,
P26022,P62328,0.0008832829071847264,
P26022,P62854,0.01074963240362542,
P26022,P62888,1.073871245035704e-05,
P26022,P62906,0.009217372067485838,
P26022,P62913,0.036083160318333404,
P26022,P62917,0.0003741302591849313,
P26022,Q01995,0.09995973520619486,
P26022,Q02218,0.0014986413204247857,
P26022,Q02818,0.0009342481430368834,
P26022,Q05682,0.0012986509947848042,
P26022,Q07065,0.008645663138986468,
P26022,Q07866,0.0018571079845904062,
P26022,Q07954,0.00020558262674912487,
P26022,Q13162,0.00037041033132355626,
P26022,Q13263,0.010000240995821662,
P26022,Q14011,0.0015137270450601753,
P26022,Q14444,0.03883992670897503,
P26022,Q15233,0.010238446850416319,
P26022,Q15459,0.030613933197695436,
P26022,Q15843,0.0005000337575631008,
P26022,Q16629,0.06526957792384062,
P26022,Q7Z417,0.0031248583119558517,
P26022,Q96HC4,0.0015578839533003852,
P26022,Q96KR1,0.02034725017587623,
P26022,Q96L92,3.645039741932902e-05,
P26022,Q9H0U4,0.020245723154864722,
P26022,Q9HAV7,0.01002763864117034,
P26022,Q9NQP4,0.003805999675184654,
P26022,Q9NRX4,0.017849559253481976,
P26022,Q9UHD8,0.05566189611432575,
P26022,Q9UJZ1,0.00039723088943155444,
P26022,Q9UMS6,0.0006163748292842218,
P26022,Q9UNH7,0.0005339178081940677,
P26022,Q9Y3D6,0.001287319563409385,
P26447,O15143,0.001083226245667494,
P26447,O43617,0.0014851671682471056,
P26447,O94925,0.0036375589173058124,
P26447,P00568,0.0021654794704203603,
P26447,P02652,0.0040329743147882215,
P26447,P04179,0.0008565179196183069,
P26447,P05121,0.00254666692033508,
P26447,P05976,0.08915118801830614,
P26447,P06753,0.02542741464715519,
P26447,P07203,0.027870170813207463,
P26447,P07339,0.019776085206296944,
P26447,P12956,0.0005030039076078648,
P26447,P13010,0.026955363174604105,
P26447,P14314,0.16594347450203112,
P26447,P15374,0.0439157584053594,
P26447,P18859,0.0005109704236310965,
P26447,P21281,0.001595929746106467,
P26447,P23246,0.0010857385781753938,
P26447,P26022,0.0017398221118331775,
P26447,P27816,2.441457028935552e-05,
P26447,P30048,0.018633309964897145,
P26447,P30085,0.0004445846771307952,
P26447,P35222,0.009738420020794546,
P26447,P36957,0.020865951431658494,
P26447,P37837,0.009428151219660995,
P26447,P38606,0.0027948108791411297,
P26447,P40926,0.021108020971102766,
P26447,P42765,0.0018316311191468207,
P26447,P45877,0.0168438764548495,
P26447,P46379,0.01849777619340568,
P26447,P48556,0.005344506795907387,
P26447,P49756,0.00029681974259966853,
P26447,P52943,0.0002645776464584946,
P26447,P53621,0.00033691730466049686,
P26447,P56192,0.00019438003529111372,
P26447,P61981,0.004487443042987092,
P26447,P62249,0.009443989006555463,
P26447,P62328,0.03427518716694279,
P26447,P62854,0.009439649019056905,
P26447,P62888,0.0011829898731607117,
P26447,P62906,0.007661242844938556,
P26447,P62913,0.017771484113011573,
P26447,P62917,0.004633068161569862,
P26447,Q01995,0.0521079110506719,
P26447,Q02218,0.006173337182547387,
P26447,Q02818,0.02016371596867634,
P26447,Q05682,0.0007700384403702895,
P26447,Q07065,0.01570970112973728,
P26447,Q07866,0.0008009282397086785,
P26447,Q07954,0.025665592210045766,
P26447,Q13162,0.019771776339787522,
P26447,Q13263,0.0005591714732196123,
P26447,Q14011,0.002135256851571576,
P26447,Q14444,0.000610149925684825,
P26447,Q15233,0.0019644354055183577,
P26447,Q15459,0.003948474662142609,
P26447,Q15843,0.00810386015475931,
P26447,Q16629,0.011348281556528917,
P26447,Q7Z417,0.026260520469631107,
P26447,Q96HC4,0.012241189023681731,
P26447,Q96KR1,0.018160873174536747,
P26447,Q96L92,0.00027980674224224207,
P26447,Q9H0U4,0.01252642195556731,
P26447,Q9HAV7,0.010731865234800705,
P26447,Q9NQP4,0.009292297299972774,
P26447,Q9NRX4,0.021233872409599213,
P26447,Q9UHD8,0.009713692181317752,
P26447,Q9UJZ1,0.01819055776718599,
P26447,Q9UMS6,0.01076896769974919,
P26447,Q9UNH7,0.0006324190375427467,
P26447,Q9Y3D6,0.016327020250681328,
P27816,O15143,0.010370719051640777,
P27816,O43617,0.004224163234498372,
P27816,O94925,0.013256001238153826,
P27816,P00568,0.008999730426887917,
P27816,P02652,0.041973788621089796,
P27816,P04179,0.0038682842553491126,
P27816,P05121,0.06764712127232418,
P27816,P05976,0.00024376754712233513,
P27816,P06753,0.026184908703639785,
P27816,P07203,0.005090580767070679,
P27816,P07339,0.01760411939170178,
P27816,P12956,0.0009190425774841729,
P27816,P13010,0.0005150846132685578,
P27816,P14314,0.00044600646928068396,
P27816,P15374,0.008590959518767814,
P27816,P18859,0.026196519114860314,
P27816,P21281,0.007477315379706389,
P27816,P23246,0.0005987431223511624,
P27816,P26022,0.004923841420885984,
P27816,P26447,0.0033521505312890778,
P27816,P30048,0.013729780678988565,
P27816,P30085,0.01202562182349019,
P27816,P35222,0.0157858408120777,
P27816,P36957,0.0014055571147383386,
P27816,P37837,0.039268432629747684,
P27816,P38606,0.02109990551080249,
P27816,P40926,0.027445300375266518,
P27816,P42765,0.06477697043940367,
P27816,P45877,0.0416971039650571,
P27816,P46379,0.005840304091377617,
P27816,P48556,0.007684330921420646,
P27816,P49756,0.010902954495568091,
P27816,P52943,0.0133482955352844,
P27816,P53621,0.008368383198993874,
P27816,P56192,0.0034850976007870325,
P27816,P61981,0.00031254969434185313,
P27816,P62249,0.0005477282017225046,
P27816,P62328,0.006221499190417208,
P27816,P62854,0.01715815582313319,
P27816,P62888,0.0024262058193059532,
P27816,P62906,0.00529111077272567,
P27816,P62913,0.008876860558887454,
P27816,P62917,0.008546885790353995,
P27816,Q01995,0.003637630986029711,
P27816,Q02218,0.04445778304960528,
P27816,Q02818,0.04652126626711862,
P27816,Q05682,0.00980363421469947,
P27816,Q07065,0.025050468162367414,
P27816,Q07866,0.0008325064620799727,
P27816,Q07954,0.0020016125414793694,
P27816,Q13162,0.017947604013145872,
P27816,Q13263,0.03739910745309274,
P27816,Q14011,0.02840479133379235,
P27816,Q14444,0.0007232252159497013,
P27816,Q15233,0.001162435052138533,
P27816,Q15459,0.01841947447646821,
P27816,Q15843,0.0020910370001068846,
P27816,Q16629,0.009311387242960286,
P27816,Q7Z417,0.02550893912744963,
P27816,Q96HC4,0.009705817894323484,
P27816,Q96KR1,0.000510836355268749,
P27816,Q96L92,0.00177326991537487,
P27816,Q9H0U4,0.002143012233018533,
P27816,Q9HAV7,0.012473458134656256,
P27816,Q9NQP4,0.015150727798385062,
P27816,Q9NRX4,0.017907602553925837,
P27816,Q9UHD8,2.1429066096905683e-05,
P27816,Q9UJZ1,0.030605880469382677,
P27816,Q9UMS6,0.0009974420360237845,
P27816,Q9UNH7,0.00968054243198114,
P27816,Q9Y3D6,0.026236185204217156,
P30048,O15143,0.005381508152974328,
P30048,O43617,0.008038518957797993,
P30048,O94925,0.01286162482320442,
P30048,P00568,0.019496933689515012,
P30048,P02652,0.021231859873679957,
P30048,P04179,0.007149002229647763,
P30048,P05121,0.11656614871042371,
P30048,P05976,0.0012299029371895598,
P30048,P06753,0.01436022282566526,
P30048,P07203,0.007051168596670796,
P30048,P07339,0.02117062290608278,
P30048,P12956,0.00014097500175584642,
P30048,P13010,0.0030542103351070384,
P30048,P14314,0.010751365833735363,
P30048,P15374,0.003865760189208896,
P30048,P18859,0.008231685959256585,
P30048,P21281,0.009844954426299672,
P30048,P23246,0.004117073675151983,
P30048,P26022,0.0013240431820094331,
P30048,P26447,0.012118382607517651,
P30048,P27816,0.007383255718021846,
P30048,P30085,0.000730439758254066,
P30048,P35222,0.005643128090825349,
P30048,P36957,0.004665463112146367,
P30048,P37837,0.0027704175207200815,
P30048,P38606,0.018401512303584208,
P30048,P40926,0.003171338393459969,
P30048,P42765,0.03368359593911958,
P30048,P45877,0.016688892416739803,
P30048,P46379,0.0005262713627788874,
P30048,P48556,0.0074731104334696576,
P30048,P49756,0.01728139697928587,
P30048,P52943,0.0015064677696499868,
P30048,P53621,0.003564956724034899,
P30048,P56192,0.006540724727831385,
P30048,P61981,0.013430157068656906,
P30048,P62249,0.0008007657309526281,
P30048,P62328,0.004271962292095029,
P30048,P62854,0.0022888380781909876,
P30048,P62888,0.007469193100539918,
P30048,P62906,0.004642280139187588,
P30048,P62913,0.022869426245528773,
P30048,P62917,0.003573474909369414,
P30048,Q01995,0.006457192924311774,
P30048,Q02218,0.017253269213873358,
P30048,Q02818,0.008964377096508498,
P30048,Q05682,0.02485184229348063,
P30048,Q07065,0.016552829523037705,
P30048,Q07866,0.002036239044613821,
P30048,Q07954,0.012670208868174819,
P30048,Q13162,0.029619214423690005,
P30048,Q13263,0.010869921371871972,
P30048,Q14011,0.0350275117665177,
P30048,Q14444,0.01562726916343449,
P30048,Q15233,0.0026090862977451545,
P30048,Q15459,0.006479600517956355,
P30048,Q15843,0.007675979321142653,
P30048,Q16629,0.0012422894023943417,
P30048,Q7Z417,0.01243725124728145,
P30048,Q96HC4,0.04165844635768593,
P30048,Q96KR1,0.07771073386302403,
P30048,Q96L92,0.0016017077637471022,
P30048,Q9H0U4,0.004432747267628707,
P30048,Q9HAV7,0.011872872637665375,
P30048,Q9NQP4,0.0003331306478634971,
P30048,Q9NRX4,0.0862392370349145,
P30048,Q9UHD8,0.01698440649258033,
P30048,Q9UJZ1,0.03192101250350229,
P30048,Q9UMS6,0.019169737203019555,
P30048,Q9UNH7,0.006530625505709504,
P30048,Q9Y3D6,0.007484162224826535,
P30085,O15143,0.00312497424257489,
P30085,O43617,0.00514457726075759,
P30085,O94925,0.025778401171219024,
P30085,P00568,0.0029263138982007623,
P30085,P02652,0.006577545369876817,
P30085,P04179,0.009306727642012432,
P30085,P05121,0.05206260588067227,
P30085,P05976,0.00390896494602196,
P30085,P06753,0.00023871744339215445,
P30085,P07203,0.001526834351306068,
P30085,P07339,0.004306134972551907,
P30085,P12956,0.01901433963461194,
P30085,P13010,0.008469179715711747,
P30085,P14314,0.00326695305779173,
P30085,P15374,0.0035746328615824463,
P30085,P18859,0.008301613242759383,
P30085,P21281,4.07526140337968e-05,
P30085,P23246,0.008594534855069155,
P30085,P26022,0.043590164463344655,
P30085,P26447,0.00972534967620594,
P30085,P27816,0.0017756573092079179,
P30085,P30048,0.012611250729165677,
P30085,P35222,0.013009962631188747,
P30085,P36957,0.013420244341770596,
P30085,P37837,0.0077322693494060605,
P30085,P38606,0.006031504984034522,
P30085,P40926,0.00024620226118995746,
P30085,P42765,0.07475855581925456,
P30085,P45877,0.025969207827005382,
P30085,P46379,0.0009125784802847196,
P30085,P48556,0.020128832717483513,
P30085,P49756,0.004029713420103161,
P30085,P52943,0.014070185208972073,
P30085,P53621,0.046064638738104395,
P30085,P56192,0.0005121130496171748,
P30085,P61981,0.002445213049898413,
P30085,P62249,0.0020783971554278646,
P30085,P62328,0.0055377155143968605,
P30085,P62854,0.03145379170312878,
P30085,P62888,0.01210698929077997,
P30085,P62906,0.009547351513723667,
P30085,P62913,0.0012657167560303608,
P30085,P62917,0.026667334777909456,
P30085,Q01995,0.001538596019178836,
P30085,Q02218,0.0010093248270930113,
P30085,Q02818,0.03205755256740852,
P30085,Q05682,0.020357603003047946,
P30085,Q07065,0.00013901991598480514,
P30085,Q07866,0.040470147088845956,
P30085,Q07954,0.022010055822261593,
P30085,Q13162,0.0006362532337510096,
P30085,Q13263,0.004117069200749587,
P30085,Q14011,0.01735921811446596,
P30085,Q14444,0.013875786861931826,
P30085,Q15233,0.06558662956775035,
P30085,Q15459,0.020155500796098128,
P30085,Q15843,0.026617917837556394,
P30085,Q16629,0.011343808251910264,
P30085,Q7Z417,0.00891612736403078,
P30085,Q96HC4,0.024942211430083145,
P30085,Q96KR1,0.016120439469896865,
P30085,Q96L92,0.01056087572599006,
P30085,Q9H0U4,0.003180387115664527,
P30085,Q9HAV7,0.015076776387934926,
P30085,Q9NQP4,0.004368726352764663,
P30085,Q9NRX4,0.0010975257488960333,
P30085,Q9UHD8,0.01136660409817713,
P30085,Q9UJZ1,0.0371347834105172,
P30085,Q9UMS6,0.006706808076547371,
P30085,Q9UNH7,0.002884558904145901,
P30085,Q9Y3D6,0.011193294232758017,
P35222,O15143,0.012468298221989124,
P35222,O43617,0.006293238899787668,
P35222,O94925,0.027000907355774775,
P35222,P00568,0.03320346729061159,
P35222,P02652,0.02407505774870593,
P35222,P04179,0.0007439001099351723,
P35222,P05121,0.011554470646302682,
P35222,P05976,0.001667324456352477,
P35222,P06753,0.012390035539862483,
P35222,P07203,0.0017642834644892385,
P35222,P07339,0.002183639984338757,
P35222,P12956,0.0006645757901230752,
P35222,P13010,0.001932429591974521,
P35222,P14314,0.0010838511717837695,
P35222,P15374,0.015431921507286341,
P35222,P18859,0.0015317013009414292,
P35222,P21281,0.0026035907652576405,
P35222,P23246,0.0023373815842674755,
P35222,P26022,0.038927992297368846,
P35222,P26447,0.002102100649519618,
P35222,P27816,0.027115568289354134,
P35222,P30048,0.0033660052293869704,
P35222,P30085,0.0019077871329453893,
P35222,P36957,0.0027459223880758506,
P35222,P37837,0.0036766477182566676,
P35222,P38606,0.010481451668614963,
P35222,P40926,0.007856474094202212,
P35222,P42765,0.0019725322766386967,
P35222,P45877,0.002408826527280897,
P35222,P46379,0.015105118687523152,
P35222,P48556,0.0008519907779665997,
P35222,P49756,0.0033281203935778244,
P35222,P52943,0.016712128538760543,
P35222,P53621,0.0006109208137869783,
P35222,P56192,0.009265848927892673,
P35222,P61981,0.010349490145017523,
P35222,P62249,0.002831890004454009,
P35222,P62328,0.007541215763363801,
P35222,P62854,0.05815946650215616,
P35222,P62888,0.0405126071568416,
P35222,P62906,0.0014087735816835341,
P35222,P62913,0.020132996801569436,
P35222,P62917,0.005081876405469783,
P35222,Q01995,0.03058934323126479,
P35222,Q02218,0.02386363281837126,
P35222,Q02818,0.09753209655348498,
P35222,Q05682,0.009890162553222179,
P35222,Q07065,0.01349450712591689,
P35222,Q07866,0.027608113511338767,
P35222,Q07954,0.08735436043740732,
P35222,Q13162,0.012177851984052608,
P35222,Q13263,0.001356786819870116,
P35222,Q14011,0.00541586508594859,
P35222,Q14444,0.023851991866386382,
P35222,Q15233,0.010694959789967436,
P35222,Q15459,0.012414201016497204,
P35222,Q15843,0.009923101878747549,
P35222,Q16629,0.0232442376248942,
P35222,Q7Z417,0.014263605792836254,
P35222,Q96HC4,0.0,
P35222,Q96KR1,0.0068269151658956325,
P35222,Q96L92,0.0016033589247861845,
P35222,Q9H0U4,0.00823024919227205,
P35222,Q9HAV7,0.004525467877155852,
P35222,Q9NQP4,0.002312089777327891,
P35222,Q9NRX4,0.004478792992772942,
P35222,Q9UHD8,0.02007273315228213,
P35222,Q9UJZ1,0.04608036336015565,
P35222,Q9UMS6,0.0019333654986510424,
P35222,Q9UNH7,0.02297208805842935,
P35222,Q9Y3D6,0.0015392877618505265,
P36957,O15143,0.001653047924867526,
P36957,O43617,0.01607635987649157,
P36957,O94925,0.02653700422076173,
P36957,P00568,0.0011118075514133176,
P36957,P02652,0.0020158706955396813,
P36957,P04179,0.024906370763401915,
P36957,P05121,0.017666040600498676,
P36957,P05976,5.009871622969136e-05,
P36957,P06753,0.004307818686282002,
P36957,P07203,0.00018062086457756345,
P36957,P07339,0.01994251144688343,
P36957,P12956,0.03755947978263219,
P36957,P13010,0.04558933739048275,
P36957,P14314,0.0006114761267641912,
P36957,P15374,0.014936023517930158,
P36957,P18859,0.026857365642217818,
P36957,P21281,0.009334922484450912,
P36957,P23246,0.017106092945969043,
P36957,P26022,0.04805200835064515,
P36957,P26447,0.009682305898594281,
P36957,P27816,0.0059550118675777705,
P36957,P30048,0.00031375431376255307,
P36957,P30085,0.014671528311731486,
P36957,P35222,0.0003673167518455021,
P36957,P37837,0.013313805974677777,
P36957,P38606,0.0014099879897060065,
P36957,P40926,0.0012873120865234242,
P36957,P42765,0.06297668914602746,
P36957,P45877,0.035857830414538244,
P36957,P46379,0.02886317534343026,
P36957,P48556,0.03749091328635306,
P36957,P49756,0.007001490441012727,
P36957,P52943,0.008525794012082104,
P36957,P53621,0.019932132987989782,
P36957,P56192,0.000615460115716356,
P36957,P61981,0.0014435118541505465,
P36957,P62249,0.0463406195352696,
P36957,P62328,0.003035690618813718,
P36957,P62854,0.028000377190130526,
P36957,P62888,0.014842178161651084,
P36957,P62906,0.0020084894202207107,
P36957,P62913,0.0593389936053314,
P36957,P62917,0.001612001024488181,
P36957,Q01995,0.010433061770091344,
P36957,Q02218,0.00996877567221072,
P36957,Q02818,0.0031080951306892515,
P36957,Q05682,0.00017992702236263572,
P36957,Q07065,0.008573717581777739,
P36957,Q07866,0.0031571790578262694,
P36957,Q07954,0.0017178685421266697,
P36957,Q13162,0.0025377563763869177,
P36957,Q13263,0.053236078696754355,
P36957,Q14011,0.0014624500980497028,
P36957,Q14444,0.03026039676609131,
P36957,Q15233,0.010684129149260372,
P36957,Q15459,0.0005861025910418977,
P36957,Q15843,0.010336633844278695,
P36957,Q16629,0.0026306376843362547,
P36957,Q7Z417,0.01239128778720979,
P36957,Q96HC4,0.0013690406396495642,
P36957,Q96KR1,0.0005103049861871846,
P36957,Q96L92,0.02149619155911938,
P36957,Q9H0U4,0.017413000429915674,
P36957,Q9HAV7,0.010234290301115726,
P36957,Q9NQP4,0.013287905876564357,
P36957,Q9NRX4,0.0012121562994579942,
P36957,Q9UHD8,0.010528839827942034,
P36957,Q9UJZ1,0.0018319920680128752,
P36957,Q9UMS6,1.0066151113505425e-05,
P36957,Q9UNH7,0.01053808773359752,
P36957,Q9Y3D6,0.0008890522704990409,
P37837,O15143,0.010416891460087709,
P37837,O43617,0.0018227611525869433,
P37837,O94925,0.00229842544013314,
P37837,P00568,0.02436444244915676,
P37837,P02652,0.025361080399652885,
P37837,P04179,0.009742247501406282,
P37837,P05121,0.017967574372353304,
P37837,P05976,0.0007803372333221426,
P37837,P06753,0.00795797993419963,
P37837,P07203,0.003796090111487053,
P37837,P07339,0.004171972496721188,
P37837,P12956,0.00039334802562889973,
P37837,P13010,0.03123451288645085,
P37837,P14314,0.0006743856670401541,
P37837,P15374,0.010601571503222197,
P37837,P18859,0.010267867056188687,
P37837,P21281,0.009651694136407086,
P37837,P23246,0.013287710133552195,
P37837,P26022,0.01954497839254134,
P37837,P26447,0.00023487535309724933,
P37837,P27816,0.016108515695457924,
P37837,P30048,0.000534130167240205,
P37837,P30085,0.0033429634218651544,
P37837,P35222,0.009131126498698029,
P37837,P36957,0.002011113941094838,
P37837,P38606,0.02669456368891943,
P37837,P40926,0.0022055445161386533,
P37837,P42765,0.0005372998298887764,
P37837,P45877,0.0021066180448396387,
P37837,P46379,0.03647084515899561,
P37837,P48556,0.00027143212783248814,
P37837,P49756,0.00978015479984288,
P37837,P52943,0.019680731991726114,
P37837,P53621,9.356438047223274e-05,
P37837,P56192,0.009827215822775999,
P37837,P61981,0.0006459545424034612,
P37837,P62249,8.688310843524314e-05,
P37837,P62328,0.0041089934157017205,
P37837,P62854,0.039033221567734123,
P37837,P62888,0.024597854509500177,
P37837,P62906,0.012341543583105007,
P37837,P62913,0.0023311587647170963,
P37837,P62917,0.009799391261171566,
P37837,Q01995,0.009408406103857939,
P37837,Q02218,0.028804139179400903,
P37837,Q02818,0.04406620008840182,
P37837,Q05682,8.580696215286878e-05,
P37837,Q07065,0.05817344636413195,
P37837,Q07866,0.0003214203381076286,
P37837,Q07954,0.00944441884945975,
P37837,Q13162,0.010785680408283637,
P37837,Q13263,0.0002353958758523992,
P37837,Q14011,0.018129231672763257,
P37837,Q14444,1.6825625873659408e-06,
P37837,Q15233,0.00035408775350337596,
P37837,Q15459,0.01058120912737801,
P37837,Q15843,0.002428752625662354,
P37837,Q16629,0.0020168933044891623,
P37837,Q7Z417,0.06541178090885547,
P37837,Q96HC4,0.020675706517813426,
P37837,Q96KR1,0.012351066012793727,
P37837,Q96L92,0.005213555453307747,
P37837,Q9H0U4,0.018177717374153225,
P37837,Q9HAV7,0.03774803644518476,
P37837,Q9NQP4,0.0,
P37837,Q9NRX4,0.017714200438391708,
P37837,Q9UHD8,0.006101128276563953,
P37837,Q9UJZ1,0.13730054063144295,
P37837,Q9UMS6,0.03608152849632476,
P37837,Q9UNH7,0.002043049476118783,
P37837,Q9Y3D6,3.8255777825971374e-08,
P38606,O15143,0.0015560902648834869,
P38606,O43617,0.001999924265833736,
P38606,O94925,0.00396635442117244,
P38606,P00568,0.055838815960531904,
P38606,P02652,0.016887077256930897,
P38606,P04179,0.0041437065787649045,
P38606,P05121,0.00958706801876517,
P38606,P05976,0.12660161504789008,
P38606,P06753,0.0002663297064801696,
P38606,P07203,0.0013323639559327182,
P38606,P07339,0.008720364223231424,
P38606,P12956,0.0016514848309932182,
P38606,P13010,0.0012641456206611355,
P38606,P14314,0.008708433185646415,
P38606,P15374,0.00817609836553443,
P38606,P18859,0.00040232866565876186,
P38606,P21281,0.0006940462957862727,
P38606,P23246,2.431026108274114e-05,
P38606,P26022,0.009199130905002127,
P38606,P26447,0.008396239877074198,
P38606,P27816,0.024938615746501087,
P38606,P30048,0.00010172615992662134,
P38606,P30085,0.0005657806504516233,
P38606,P35222,0.05627758642544871,
P38606,P36957,0.0005221612197657473,
P38606,P37837,0.019116565118631773,
P38606,P40926,0.018710670052148083,
P38606,P42765,0.020055753579761748,
P38606,P45877,0.0015676021882828903,
P38606,P46379,0.010689728983605375,
P38606,P48556,0.009676490084409559,
P38606,P49756,0.019084717494494044,
P38606,P52943,0.0014515179065580305,
P38606,P53621,0.012567871072302238,
P38606,P56192,0.0010984624582469128,
P38606,P61981,0.02905897586645045,
P38606,P62249,0.000979769978673567,
P38606,P62328,0.010141445464742467,
P38606,P62854,0.0003621121882180611,
P38606,P62888,0.0033010138424406045,
P38606,P62906,0.0025023879281047563,
P38606,P62913,0.010168060413635499,
P38606,P62917,0.0008139351233387694,
P38606,Q01995,0.0025068795813362925,
P38606,Q02218,0.0006092662201676376,
P38606,Q02818,0.0015978966158592444,
P38606,Q05682,0.0008857631846121934,
P38606,Q07065,0.016013810077703628,
P38606,Q07866,0.04560123161467816,
P38606,Q07954,0.02022527886649001,
P38606,Q13162,0.021929569038731826,
P38606,Q13263,0.0015302745043379762,
P38606,Q14011,0.00033160363110259177,
P38606,Q14444,0.006006658928390525,
P38606,Q15233,0.0037501709566999043,
P38606,Q15459,0.016219768423587518,
P38606,Q15843,0.019090904597026746,
P38606,Q16629,0.0035335696104741333,
P38606,Q7Z417,0.0019596051774249403,
P38606,Q96HC4,0.0040277376693836475,
P38606,Q96KR1,0.0032496069426477133,
P38606,Q96L92,0.002890627854783847,
P38606,Q9H0U4,0.017978109616111723,
P38606,Q9HAV7,0.020536038619301523,
P38606,Q9NQP4,0.019342523627805315,
P38606,Q9NRX4,0.0008144952853876102,
P38606,Q9UHD8,0.025425446991172867,
P38606,Q9UJZ1,0.005654591764324224,
P38606,Q9UMS6,0.03245534081699112,
P38606,Q9UNH7,0.00249547118640385,
P38606,Q9Y3D6,0.14859221612207543,
P40926,O15143,0.013450923033225837,
P40926,O43617,0.08379859816084843,
P40926,O94925,0.00047849877173229596,
P40926,P00568,0.0038019136212670006,
P40926,P02652,0.0013805562318519571,
P40926,P04179,0.04518234729429312,
P40926,P05121,0.009169507754788352,
P40926,P05976,0.0019850277562200288,
P40926,P06753,0.04412418491398519,
P40926,P07203,0.009605829219218157,
P40926,P07339,0.024390557306165465,
P40926,P12956,0.0036488467804988633,
P40926,P13010,0.008813013157703326,
P40926,P14314,0.00815723856824735,
P40926,P15374,0.0018177689812830006,
P40926,P18859,0.009167900941563403,
P40926,P21281,0.026848629843020087,
P40926,P23246,0.005236171619025152,
P40926,P26022,0.0017932384547117441,
P40926,P26447,0.0021556612480029772,
P40926,P27816,0.007775034824105774,
P40926,P30048,0.0035790208577920956,
P40926,P30085,0.0030108753029564283,
P40926,P35222,0.0015976920451099249,
P40926,P36957,0.000693294055003355,
P40926,P37837,0.02481239916835498,
P40926,P38606,0.01629921577784462,
P40926,P42765,0.011931310286744698,
P40926,P45877,0.00965220271361987,
P40926,P46379,0.0052448652301073755,
P40926,P48556,0.00826355486039253,
P40926,P49756,0.009018579533065759,
P40926,P52943,0.002055760874108946,
P40926,P53621,0.0007467069447796527,
P40926,P56192,0.00013228744779432983,
P40926,P61981,0.010397956031841165,
P40926,P62249,0.000467939546871323,
P40926,P62328,0.05225686514209137,
P40926,P62854,0.00021525599028460283,
P40926,P62888,0.0030585596876908394,
P40926,P62906,0.0019673771940686316,
P40926,P62913,0.012202823164800244,
P40926,P62917,0.01641736388661872,
P40926,Q01995,0.026966649410898262,
P40926,Q02218,0.024712525448853065,
P40926,Q02818,0.00858183933798136,
P40926,Q05682,0.07371232925116163,
P40926,Q07065,0.016536747811309916,
P40926,Q07866,0.01702369686006302,
P40926,Q07954,0.014619887779637533,
P40926,Q13162,0.004385708343545117,
P40926,Q13263,0.0015174159606952543,
P40926,Q14011,0.009320753163481134,
P40926,Q14444,0.003983623002970142,
P40926,Q15233,0.015352323421409311,
P40926,Q15459,0.01149137791304208,
P40926,Q15843,0.01720877754766495,
P40926,Q16629,0.0044684255459517905,
P40926,Q7Z417,0.009661449063007185,
P40926,Q96HC4,0.004606800414537878,
P40926,Q96KR1,0.008370623946156985,
P40926,Q96L92,0.0603608511897952,
P40926,Q9H0U4,0.028805588095012637,
P40926,Q9HAV7,0.00021662841665771556,
P40926,Q9NQP4,0.0483549405501526,
P40926,Q9NRX4,0.0013543214347379923,
P40926,Q9UHD8,0.0018745188342997549,
P40926,Q9UJZ1,0.004317523800456988,
P40926,Q9UMS6,0.05610640185777146,
P40926,Q9UNH7,0.0006005796845263964,
P40926,Q9Y3D6,0.006077138710357612,
P42765,O15143,0.01102255215245099,
P42765,O43617,0.00952023327449175,
P42765,O94925,0.01803363780415433,
P42765,P00568,0.006185846127154866,
P42765,P02652,0.009274966695382955,
P42765,P04179,0.0638821065403845,
P42765,P05121,0.0034629795899278138,
P42765,P05976,0.0243039882698728,
P42765,P06753,0.0021935102608897383,
P42765,P07203,0.0007086799283659141,
P42765,P07339,0.010240103222198173,
P42765,P12956,0.03865291986245464,
P42765,P13010,0.01870809810988289,
P42765,P14314,0.005289866748216296,
P42765,P15374,0.002320264264863488,
P42765,P18859,0.06919328051619604,
P42765,P21281,0.00260156830255013,
P42765,P23246,0.012922311390615211,
P42765,P26022,0.016822172852273113,
P42765,P26447,0.007890718680987098,
P42765,P27816,0.012998063180209893,
P42765,P30048,0.0005508033590208637,
P42765,P30085,0.001277467106086868,
P42765,P35222,0.0017964621907702383,
P42765,P36957,0.0010699665707049723,
P42765,P37837,0.0029365018081995626,
P42765,P38606,0.005916059354281628,
P42765,P40926,0.0020830299023096278,
P42765,P45877,0.010239820641879439,
P42765,P46379,0.04174991690559296,
P42765,P48556,0.025955861794324093,
P42765,P49756,0.015384759063250888,
P42765,P52943,0.0105162753176493,
P42765,P53621,0.001880472026878662,
P42765,P56192,0.022575899112252995,
P42765,P61981,0.00011111696451141874,
P42765,P62249,0.043030997646420543,
P42765,P62328,0.020820802118214778,
P42765,P62854,0.017221859535131327,
P42765,P62888,0.04107536462892017,
P42765,P62906,0.0005768089859257685,
P42765,P62913,0.02379705897107784,
P42765,P62917,0.0043462993997643515,
P42765,Q01995,0.02799147138799526,
P42765,Q02218,0.002559031222130942,
P42765,Q02818,0.018010425464454718,
P42765,Q05682,0.00010993058019383331,
P42765,Q07065,0.0020716324380626178,
P42765,Q07866,0.01820620919022695,
P42765,Q07954,0.001599220694814414,
P42765,Q13162,0.015243342555578354,
P42765,Q13263,0.017307015207593705,
P42765,Q14011,0.0033531837462167143,
P42765,Q14444,0.025479762954722856,
P42765,Q15233,0.015479276727165519,
P42765,Q15459,0.0026311686938988122,
P42765,Q15843,0.040191486503225474,
P42765,Q16629,0.016456818666065246,
P42765,Q7Z417,0.0004209757171338816,
P42765,Q96HC4,0.003476538534557787,
P42765,Q96KR1,0.004975615325991764,
P42765,Q96L92,0.008833979142099784,
P42765,Q9H0U4,0.014552769303719307,
P42765,Q9HAV7,0.011279089961515007,
P42765,Q9NQP4,0.00816570452997086,
P42765,Q9NRX4,0.005020248027610755,
P42765,Q9UHD8,0.0007083675399067877,
P42765,Q9UJZ1,0.0017943075945224805,
P42765,Q9UMS6,0.004484641166712811,
P42765,Q9UNH7,0.03323302593457256,
P42765,Q9Y3D6,0.016567063310905135,
P45877,O15143,0.0011388436492685533,
P45877,O43617,0.006962229892243481,
P45877,O94925,0.005109414805415661,
P45877,P00568,0.011607511277064494,
P45877,P02652,0.025450898015808215,
P45877,P04179,0.04688482793325061,
P45877,P05121,0.009490148808748489,
P45877,P05976,0.08677869735676633,
P45877,P06753,0.01851758216628988,
P45877,P07203,0.008074728880452934,
P45877,P07339,0.02725421560978186,
P45877,P12956,0.0012400425066350698,
P45877,P13010,7.973008607948104e-06,
P45877,P14314,0.010445885216115192,
P45877,P15374,0.0011182348634166638,
P45877,P18859,0.0038688761930073374,
P45877,P21281,0.001204826565752076,
P45877,P23246,0.0012816617566523754,
P45877,P26022,0.0003933714237076264,
P45877,P26447,0.004901335302555138,
P45877,P27816,0.0026221750829705645,
P45877,P30048,0.0021300556902871127,
P45877,P30085,0.0008783147562128243,
P45877,P35222,0.005556210896265034,
P45877,P36957,0.04353516308781159,
P45877,P37837,0.0007559468914368108,
P45877,P38606,0.001394302131382159,
P45877,P40926,0.0009096735321190803,
P45877,P42765,0.01166286208819085,
P45877,P46379,0.05013912399277141,
P45877,P48556,0.045406878610014904,
P45877,P49756,0.0031418630624526203,
P45877,P52943,0.004134068194435282,
P45877,P53621,0.0196553031559665,
P45877,P56192,0.010162962827572074,
P45877,P61981,0.025829689264967575,
P45877,P62249,0.002584752065038933,
P45877,P62328,0.011828251852494167,
P45877,P62854,0.0012020460048630176,
P45877,P62888,0.015173022116849118,
P45877,P62906,0.0022484526376549017,
P45877,P62913,0.011145662317449245,
P45877,P62917,0.0034365852359051247,
P45877,Q01995,0.00933959336127058,
P45877,Q02218,0.018161334142640952,
P45877,Q02818,0.0035562392912284117,
P45877,Q05682,0.032929761899091255,
P45877,Q07065,0.028851315352300528,
P45877,Q07866,0.0003284787088113533,
P45877,Q07954,0.03994682309465355,
P45877,Q13162,0.0002573783741618018,
P45877,Q13263,0.015917217365811625,
P45877,Q14011,0.0018622344878826982,
P45877,Q14444,0.0040412885589454425,
P45877,Q15233,0.002447711255818663,
P45877,Q15459,0.0009990557517124722,
P45877,Q15843,0.11158654126791492,
P45877,Q16629,0.000628933724689924,
P45877,Q7Z417,0.007584722526743175,
P45877,Q96HC4,0.00016796229543081608,
P45877,Q96KR1,0.0020803544697378705,
P45877,Q96L92,0.004776431291859103,
P45877,Q9H0U4,0.01754747971382569,
P45877,Q9HAV7,0.004742314138504497,
P45877,Q9NQP4,0.03572788316176846,
P45877,Q9NRX4,1.6186026840537734e-05,
P45877,Q9UHD8,0.0034156489774307764,
P45877,Q9UJZ1,0.009016898248039258,
P45877,Q9UMS6,0.01824072107926638,
P45877,Q9UNH7,0.010772837027513344,
P45877,Q9Y3D6,0.06741262448999621,
P46379,O15143,0.016327549204197583,
P46379,O43617,0.010941684485931214,
P46379,O94925,0.0007626852353565313,
P46379,P00568,0.013206987996012992,
P46379,P02652,0.00020150788937792826,
P46379,P04179,0.010364224513561258,
P46379,P05121,0.008525894190613727,
P46379,P05976,0.01134652153510674,
P46379,P06753,0.009348335414246867,
P46379,P07203,0.000687773757590109,
P46379,P07339,0.008545846826346945,
P46379,P12956,0.036435541122207045,
P46379,P13010,0.01716331100142966,
P46379,P14314,0.008851915715642342,
P46379,P15374,0.03476947804540158,
P46379,P18859,0.03497517953903431,
P46379,P21281,0.002827951197943516,
P46379,P23246,0.043091964235816335,
P46379,P26022,0.018714538779224337,
P46379,P26447,0.037276490071978245,
P46379,P27816,0.00013007192856984896,
P46379,P30048,0.0013613732816130715,
P46379,P30085,0.010495664401240895,
P46379,P35222,0.001062652615991813,
P46379,P36957,0.03697554638305874,
P46379,P37837,0.001059726300516916,
P46379,P38606,0.009265332202440269,
P46379,P40926,0.018243929598527393,
P46379,P42765,0.04622550333882805,
P46379,P45877,0.03139951150809141,
P46379,P48556,0.012181651813604685,
P46379,P49756,0.004896644111614556,
P46379,P52943,0.00813469544235906,
P46379,P53621,0.00930316967958427,
P46379,P56192,0.0017974031367546048,
P46379,P61981,0.001890594158812745,
P46379,P62249,0.01709570915313775,
P46379,P62328,0.018340416997915932,
P46379,P62854,0.003223045703224028,
P46379,P62888,0.003292591489558562,
P46379,P62906,0.009977990497066465,
P46379,P62913,0.028181323640414143,
P46379,P62917,0.021604138295235845,
P46379,Q01995,0.10411059482277266,
P46379,Q02218,0.0010126215236682717,
P46379,Q02818,0.010821518644599477,
P46379,Q05682,0.00011342232893765007,
P46379,Q07065,0.012917325521237305,
P46379,Q07866,0.002893994580651333,
P46379,Q07954,0.0008991600103656397,
P46379,Q13162,0.010301581710336835,
P46379,Q13263,0.0006976300382928063,
P46379,Q14011,5.386973555263385e-05,
P46379,Q14444,0.03227150714077077,
P46379,Q15233,0.0019089899440692738,
P46379,Q15459,0.018821364945749267,
P46379,Q15843,0.010739391936547991,
P46379,Q16629,0.04384901343764039,
P46379,Q7Z417,0.009937152582894317,
P46379,Q96HC4,0.00017685858948587432,
P46379,Q96KR1,0.011771054796903862,
P46379,Q96L92,0.004052378937873346,
P46379,Q9H0U4,0.003199073799120301,
P46379,Q9HAV7,0.002599831330152501,
P46379,Q9NQP4,0.0012931947275911532,
P46379,Q9NRX4,0.00047555190125400887,
P46379,Q9UHD8,0.03715664252384344,
P46379,Q9UJZ1,0.007957627335299079,
P46379,Q9UMS6,0.010100795693459596,
P46379,Q9UNH7,0.018136531361071594,
P46379,Q9Y3D6,0.002635965306302722,
P48556,O15143,0.0004431492254017993,
P48556,O43617,0.00026645145696606814,
P48556,O94925,0.004743804753571004,
P48556,P00568,0.0021900281586102045,
P48556,P02652,0.003990211238791261,
P48556,P04179,0.05132814289886437,
P48556,P05121,0.016693707493348545,
P48556,P05976,0.00771452320521861,
P48556,P06753,0.008738143700984524,
P48556,P07203,0.0015188404169531227,
P48556,P07339,0.01085461888589549,
P48556,P12956,0.016382501124132514,
P48556,P13010,0.01116185966745607,
P48556,P14314,0.0034507810971412577,
P48556,P15374,0.00817300998238047,
P48556,P18859,0.0027539375402077047,
P48556,P21281,0.002588518398246793,
P48556,P23246,0.05628120734818943,
P48556,P26022,0.026415759437969397,
P48556,P26447,0.016971909927029953,
P48556,P27816,0.0005828719540271489,
P48556,P30048,0.0016126254779774876,
P48556,P30085,0.007688491474746119,
P48556,P35222,0.006837322481038302,
P48556,P36957,0.038743074914555316,
P48556,P37837,0.001615302609000742,
P48556,P38606,0.0005851571542720571,
P48556,P40926,0.0030265848730456446,
P48556,P42765,0.10310900837835796,
P48556,P45877,0.05630648844654112,
P48556,P46379,0.02620070297805169,
P48556,P49756,0.011268970387416035,
P48556,P52943,0.0010791814632963139,
P48556,P53621,0.010243114931840443,
P48556,P56192,0.01205205680239949,
P48556,P61981,0.0020228533944022854,
P48556,P62249,0.04621785274540647,
P48556,P62328,0.0015498790215642553,
P48556,P62854,0.018489070889235418,
P48556,P62888,0.021350167396092846,
P48556,P62906,0.0025334792831559184,
P48556,P62913,0.002410691847408665,
P48556,P62917,0.0017806571559782058,
P48556,Q01995,0.018604563319474944,
P48556,Q02218,0.011657642015911563,
P48556,Q02818,0.011384308142379118,
P48556,Q05682,0.0010452379195609515,
P48556,Q07065,0.03718362067670958,
P48556,Q07866,5.334480728816661e-05,
P48556,Q07954,6.306059518710031e-05,
P48556,Q13162,0.002174332375905037,
P48556,Q13263,0.057648319569380234,
P48556,Q14011,0.0032992913080360387,
P48556,Q14444,0.035404203168857534,
P48556,Q15233,0.02737530852099254,
P48556,Q15459,0.0018661923668222041,
P48556,Q15843,0.010934605153521624,
P48556,Q16629,0.00938009167220806,
P48556,Q7Z417,0.012512467337306574,
P48556,Q96HC4,0.0029218414742695465,
P48556,Q96KR1,0.00037606412551463965,
P48556,Q96L92,0.009885595677649777,
P48556,Q9H0U4,0.0029220825849803162,
P48556,Q9HAV7,0.002231242614303883,
P48556,Q9NQP4,0.002609853928917625,
P48556,Q9NRX4,0.000378346074178563,
P48556,Q9UHD8,0.002565026027720669,
P48556,Q9UJZ1,0.0012963966865347516,
P48556,Q9UMS6,0.02711219472946777,
P48556,Q9UNH7,0.0033765777871407492,
P48556,Q9Y3D6,0.012237703566061277,
P49756,O15143,0.010333188727523377,
P49756,O43617,0.041949424741477406,
P49756,O94925,0.00884473367690259,
P49756,P00568,0.025731451111745334,
P49756,P02652,0.03003896905699685,
P49756,P04179,0.03426742671762083,
P49756,P05121,0.00845646446722711,
P49756,P05976,0.003558936675650764,
P49756,P06753,0.026137868090382585,
P49756,P07203,0.008084599708524862,
P49756,P07339,0.009431649698572289,
P49756,P12956,0.0025687103467844563,
P49756,P13010,0.0015871433213392597,
P49756,P14314,0.01192119322762344,
P49756,P15374,0.03919439992311887,
P49756,P18859,0.012370644756380327,
P49756,P21281,0.0031140406347642175,
P49756,P23246,0.000669429888473248,
P49756,P26022,0.010699783099915837,
P49756,P26447,0.017749505940951732,
P49756,P27816,0.0009106680736986894,
P49756,P30048,0.01152899556285772,
P49756,P30085,0.0007517556242455649,
P49756,P35222,0.002525552874922058,
P49756,P36957,0.026333915269371073,
P49756,P37837,0.009774299918995932,
P49756,P38606,0.003736378083502995,
P49756,P40926,0.01677571259551945,
P49756,P42765,0.02335964180699639,
P49756,P45877,0.0020616667261618296,
P49756,P46379,0.04337526652775166,
P49756,P48556,0.02841753502063466,
P49756,P52943,0.0006264921077343529,
P49756,P53621,0.012938276187458004,
P49756,P56192,0.0004679662596249736,
P49756,P61981,0.016242517641901388,
P49756,P62249,0.00037984890257413263,
P49756,P62328,0.0316521179798035,
P49756,P62854,0.0011813875326537413,
P49756,P62888,0.010517050002286152,
P49756,P62906,0.0010663732565997699,
P49756,P62913,0.0031506899326854587,
P49756,P62917,0.011681917486479383,
P49756,Q01995,0.01868513609740075,
P49756,Q02218,0.0005795713713591856,
P49756,Q02818,0.008422991864811595,
P49756,Q05682,0.01681588818201555,
P49756,Q07065,0.0004833008685110941,
P49756,Q07866,0.01960691088463053,
P49756,Q07954,0.0010434156151352748,
P49756,Q13162,0.019379246505246032,
P49756,Q13263,0.03060237638791503,
P49756,Q14011,0.001574426079495679,
P49756,Q14444,0.011853932865844595,
P49756,Q15233,0.0034146959044271973,
P49756,Q15459,0.00430699367224559,
P49756,Q15843,0.0701873205145042,
P49756,Q16629,2.8685484049898946e-05,
P49756,Q7Z417,0.0014365806019305976,
P49756,Q96HC4,0.0025911585430838558,
P49756,Q96KR1,0.0020553669038214394,
P49756,Q96L92,0.024048597477216976,
P49756,Q9H0U4,0.04059282752968821,
P49756,Q9HAV7,0.00923967354995542,
P49756,Q9NQP4,0.03406608959600427,
P49756,Q9NRX4,0.0027665198745844086,
P49756,Q9UHD8,0.009807359693437594,
P49756,Q9UJZ1,0.027892599937509567,
P49756,Q9UMS6,0.037180189817852614,
P49756,Q9UNH7,0.00830563891167694,
P49756,Q9Y3D6,0.024527206633879355,
P52943,O15143,0.002042804769762113,
P52943,O43617,0.0009500726313694092,
P52943,O94925,0.027955389126656585,
P52943,P00568,0.0017251274196668678,
P52943,P02652,0.017507637046628076,
P52943,P04179,0.001448443377651209,
P52943,P05121,0.0017329214541449015,
P52943,P05976,0.010953355626286436,
P52943,P06753,0.0014997815746547827,
P52943,P07203,0.002819920300344531,
P52943,P07339,0.013551913702445366,
P52943,P12956,0.0003798640006984556,
P52943,P13010,0.020743685873838943,
P52943,P14314,0.001360343568504247,
P52943,P15374,0.018942971609669262,
P52943,P18859,0.009695650078009543,
P52943,P21281,0.0013815813244817535,
P52943,P23246,0.005079207451903567,
P52943,P26022,0.03506692059397315,
P52943,P26447,0.001988925379466776,
P52943,P27816,0.08308811659778068,
P52943,P30048,0.019177309965118877,
P52943,P30085,0.00406875363568347,
P52943,P35222,0.00528022026086369,
P52943,P36957,0.001224808879207612,
P52943,P37837,0.011093289219101849,
P52943,P38606,0.008907264020541131,
P52943,P40926,0.025994973683259225,
P52943,P42765,0.0180262214623451,
P52943,P45877,0.041330923170399096,
P52943,P46379,0.028580703049562232,
P52943,P48556,0.0005105370004844646,
P52943,P49756,0.0015344488194281869,
P52943,P53621,0.00832832442163735,
P52943,P56192,0.026603789514038568,
P52943,P61981,0.0009370762016850407,
P52943,P62249,0.010263473748695717,
P52943,P62328,0.002116239023194824,
P52943,P62854,0.06839817152718423,
P52943,P62888,0.017800013970971508,
P52943,P62906,0.0296584228663862,
P52943,P62913,0.0008269474518214603,
P52943,P62917,0.002993462090422928,
P52943,Q01995,0.0011525724911747818,
P52943,Q02218,0.05479856951242992,
P52943,Q02818,0.04512097540550097,
P52943,Q05682,0.007608424010510246,
P52943,Q07065,0.001539582728985906,
P52943,Q07866,0.0002920330499413091,
P52943,Q07954,0.00959203770756268,
P52943,Q13162,0.009902173162536741,
P52943,Q13263,0.0013344260523447708,
P52943,Q14011,0.008121108157200192,
P52943,Q14444,0.0587095338889416,
P52943,Q15233,0.0015218578982971037,
P52943,Q15459,0.04376678334042233,
P52943,Q15843,0.0015565265497251373,
P52943,Q16629,0.034926973449520705,
P52943,Q7Z417,0.0013558709938082379,
P52943,Q96HC4,0.01759614461442371,
P52943,Q96KR1,0.0015170711401932553,
P52943,Q96L92,0.0008533711360815448,
P52943,Q9H0U4,0.0016928518525780826,
P52943,Q9HAV7,0.01091779300995592,
P52943,Q9NQP4,0.001970098439338325,
P52943,Q9NRX4,0.0009860928105607887,
P52943,Q9UHD8,0.01961592425963819,
P52943,Q9UJZ1,0.0373580918815119,
P52943,Q9UMS6,0.0030938714230661717,
P52943,Q9UNH7,0.00903081071997549,
P52943,Q9Y3D6,0.0014968136377203204,
P53621,O15143,0.0006616730498103815,
P53621,O43617,0.00023806625637796987,
P53621,O94925,0.01630411732241385,
P53621,P00568,0.0029370865467882035,
P53621,P02652,0.0055466906117728,
P53621,P04179,0.010649950097777344,
P53621,P05121,0.0019382796218868625,
P53621,P05976,0.01774274978892823,
P53621,P06753,0.002394253557486009,
P53621,P07203,0.006637243471276898,
P53621,P07339,0.008150906082886135,
P53621,P12956,0.033141936311640155,
P53621,P13010,0.013919919216883252,
P53621,P14314,0.011478560670926613,
P53621,P15374,0.0007121007581908734,
P53621,P18859,0.027291620852248646,
P53621,P21281,0.002673056576750198,
P53621,P23246,0.022424489208021224,
P53621,P26022,0.015730588050940745,
P53621,P26447,0.04369838659620923,
P53621,P27816,0.024405314518979596,
P53621,P30048,0.003690872952738347,
P53621,P30085,0.0027574418991665873,
P53621,P35222,0.00032670976725428013,
P53621,P36957,0.02133161497609523,
P53621,P37837,0.0015482515886672988,
P53621,P38606,0.024247996335097683,
P53621,P40926,0.002798685744574801,
P53621,P42765,0.013004955111006617,
P53621,P45877,0.022035295067191627,
P53621,P46379,0.033937027244198205,
P53621,P48556,0.01773667821566307,
P53621,P49756,0.009045379210375707,
P53621,P52943,0.0020223236375055773,
P53621,P56192,0.02389210022487975,
P53621,P61981,0.013010783485754527,
P53621,P62249,0.006101528143466555,
P53621,P62328,0.007035175159836598,
P53621,P62854,0.028995169185947255,
P53621,P62888,0.010637467052710924,
P53621,P62906,0.009682210076062738,
P53621,P62913,0.07806203949172431,
P53621,P62917,0.0021176819803494554,
P53621,Q01995,0.004718376974607877,
P53621,Q02218,0.01742652581997644,
P53621,Q02818,0.0332704040763811,
P53621,Q05682,0.0015794934345339095,
P53621,Q07065,0.008660892458683794,
P53621,Q07866,0.0022192025366832846,
P53621,Q07954,0.01539426837366316,
P53621,Q13162,0.008919133256788205,
P53621,Q13263,0.017169270454757527,
P53621,Q14011,0.0024741658480993563,
P53621,Q14444,0.048642216149168166,
P53621,Q15233,0.006582707188425803,
P53621,Q15459,0.004259110205501176,
P53621,Q15843,0.021464672046290358,
P53621,Q16629,0.004244628150654433,
P53621,Q7Z417,0.01065635582900829,
P53621,Q96HC4,0.0011399035407255594,
P53621,Q96KR1,0.0032320119904778806,
P53621,Q96L92,0.0029090962157946347,
P53621,Q9H0U4,0.007028966733075038,
P53621,Q9HAV7,0.020342614969481802,
P53621,Q9NQP4,0.007284364997716271,
P53621,Q9NRX4,0.004891196253108482,
P53621,Q9UHD8,0.008191345556386686,
P53621,Q9UJZ1,0.00809999062868453,
P53621,Q9UMS6,0.00466451848672345,
P53621,Q9UNH7,0.0740417448853157,
P53621,Q9Y3D6,0.038899918741557474,
P56192,O15143,0.008155820253552114,
P56192,O43617,0.014849125638377878,
P56192,O94925,0.026587796785848824,
P56192,P00568,0.00829332931581975,
P56192,P02652,0.009584156334183415,
P56192,P04179,0.029545436392636258,
P56192,P05121,0.02132998650320651,
P56192,P05976,0.009801664071462362,
P56192,P06753,0.0020038828920905826,
P56192,P07203,0.005244367706072779,
P56192,P07339,0.021167819346284734,
P56192,P12956,0.028415008914964242,
P56192,P13010,0.005707191144994046,
P56192,P14314,0.0013741896043117333,
P56192,P15374,0.00399066769822187,
P56192,P18859,0.04909582338231118,
P56192,P21281,0.008648999203007173,
P56192,P23246,0.010601693563208075,
P56192,P26022,0.04325216051546945,
P56192,P26447,0.008483769647160326,
P56192,P27816,0.009077243575795731,
P56192,P30048,0.009689424547191218,
P56192,P30085,0.011662453761860871,
P56192,P35222,0.0037106631885654297,
P56192,P36957,0.001384898932961993,
P56192,P37837,0.0003735238625146377,
P56192,P38606,0.01205666422892119,
P56192,P40926,0.010625354098136398,
P56192,P42765,0.0705404942566798,
P56192,P45877,0.04355177637400823,
P56192,P46379,0.016527948707412417,
P56192,P48556,0.033160635046837396,
P56192,P49756,0.0009908656689169473,
P56192,P52943,0.0005118738254752757,
P56192,P53621,0.012355394762004417,
P56192,P61981,0.0012463906712402977,
P56192,P62249,0.015254878382464906,
P56192,P62328,0.015484310962837982,
P56192,P62854,0.008102565615366396,
P56192,P62888,0.03345296539302703,
P56192,P62906,0.010698872869773581,
P56192,P62913,0.025432343248091103,
P56192,P62917,0.0032927705617596227,
P56192,Q01995,0.01108668102088987,
P56192,Q02218,0.0032563116905717205,
P56192,Q02818,0.01855952408425528,
P56192,Q05682,0.00967567569674093,
P56192,Q07065,0.0052296933194869374,
P56192,Q07866,0.023575244146766313,
P56192,Q07954,0.020877789869575475,
P56192,Q13162,0.019183046404000162,
P56192,Q13263,0.03743439325382404,
P56192,Q14011,0.00045374979059969474,
P56192,Q14444,0.032611999107013775,
P56192,Q15233,0.015892339405064636,
P56192,Q15459,0.014786243545043605,
P56192,Q15843,0.003059329589011966,
P56192,Q16629,0.0005461413414970906,
P56192,Q7Z417,0.009459925771887218,
P56192,Q96HC4,0.00046595353610800235,
P56192,Q96KR1,0.008263383675673664,
P56192,Q96L92,0.0023050219293401903,
P56192,Q9H0U4,0.0011696018145516609,
P56192,Q9HAV7,0.004868130418308168,
P56192,Q9NQP4,0.009352516957962196,
P56192,Q9NRX4,0.0002746113660019442,
P56192,Q9UHD8,0.0008061361706517131,
P56192,Q9UJZ1,0.012161481797186093,
P56192,Q9UMS6,0.010725883739034941,
P56192,Q9UNH7,0.01759470912385746,
P56192,Q9Y3D6,0.02243216813091769,
P61981,O15143,0.022055992335450036,
P61981,O43617,0.03474284986461406,
P61981,O94925,0.007577871224489403,
P61981,P00568,0.017195029336613446,
P61981,P02652,0.011662105466841419,
P61981,P04179,0.04624918523017188,
P61981,P05121,0.00096284791224923,
P61981,P05976,0.027537408025230314,
P61981,P06753,0.017237454691442326,
P61981,P07203,0.00021586652604904108,
P61981,P07339,0.017712693480199417,
P61981,P12956,0.011853862311775178,
P61981,P13010,0.003075613789457286,
P61981,P14314,0.029661488198108293,
P61981,P15374,0.0030549200007948304,
P61981,P18859,0.007572932037477519,
P61981,P21281,0.011035440135680086,
P61981,P23246,0.0007331088263423423,
P61981,P26022,0.0039136123930699415,
P61981,P26447,9.251696035269776e-05,
P61981,P27816,0.010754372427606653,
P61981,P30048,0.0030325259625328975,
P61981,P30085,0.000848670291960176,
P61981,P35222,0.00024898763780659047,
P61981,P36957,0.034190218076276785,
P61981,P37837,0.04213238719094613,
P61981,P38606,0.027289626856151522,
P61981,P40926,0.008665538487510371,
P61981,P42765,0.01708861827715643,
P61981,P45877,0.002814121407693831,
P61981,P46379,0.0003726072330464596,
P61981,P48556,0.01826608927989239,
P61981,P49756,0.032293183101062564,
P61981,P52943,0.0037696830946223046,
P61981,P53621,0.011148935470581916,
P61981,P56192,0.0027360970258582394,
P61981,P62249,0.0036588637623169266,
P61981,P62328,0.009919769032385006,
P61981,P62854,0.011457821709942735,
P61981,P62888,0.001316136205366266,
P61981,P62906,0.0016724644955310134,
P61981,P62913,0.006093400416892841,
P61981,P62917,0.026123469998162036,
P61981,Q01995,0.03783301161044402,
P61981,Q02218,0.00030449251967455313,
P61981,Q02818,0.0008868264439979963,
P61981,Q05682,0.06512457740540899,
P61981,Q07065,0.015164793986219305,
P61981,Q07866,0.004796781708845399,
P61981,Q07954,0.001375404717752037,
P61981,Q13162,0.02756749200906072,
P61981,Q13263,0.01156518172317616,
P61981,Q14011,0.008681243538855542,
P61981,Q14444,0.0022228482708225032,
P61981,Q15233,0.0037519694551638354,
P61981,Q15459,0.004711748398246611,
P61981,Q15843,0.010332331812912503,
P61981,Q16629,0.004342467854169884,
P61981,Q7Z417,0.0025814460645175955,
P61981,Q96HC4,0.024978978185768774,
P61981,Q96KR1,0.00889613413198017,
P61981,Q96L92,0.03569849712639648,
P61981,Q9H0U4,0.025437898663978893,
P61981,Q9HAV7,0.00979685516222982,
P61981,Q9NQP4,0.018604188340425966,
P61981,Q9NRX4,0.001400511933349188,
P61981,Q9UHD8,0.004498794877369574,
P61981,Q9UJZ1,0.035809488263999566,
P61981,Q9UMS6,0.02918393332023464,
P61981,Q9UNH7,0.0105239693382704,
P61981,Q9Y3D6,0.014469739572907425,
P62249,O15143,0.0274040787521817,
P62249,O43617,0.01966825786232647,
P62249,O94925,0.0008232410320119664,
P62249,P00568,0.0010773340986513589,
P62249,P02652,0.0025809433160584507,
P62249,P04179,0.003602200643153502,
P62249,P05121,0.010412231312615422,
P62249,P05976,0.009672566242520718,
P62249,P06753,0.0,
P62249,P07203,0.0003514738576856891,
P62249,P07339,5.7742065887157604e-05,
P62249,P12956,0.029308189669759278,
P62249,P13010,0.056325517216841786,
P62249,P14314,0.027262784449493323,
P62249,P15374,0.009845487597983395,
P62249,P18859,0.000523648675343928,
P62249,P21281,0.010096498289124026,
P62249,P23246,0.04739015030339445,
P62249,P26022,0.011005653324583167,
P62249,P26447,0.01822759460150567,
P62249,P27816,0.00036560998252258296,
P62249,P30048,0.017973306620574118,
P62249,P30085,0.009603552511582188,
P62249,P35222,0.0024925533048256203,
P62249,P36957,0.010978776455558847,
P62249,P37837,0.001676908698504532,
P62249,P38606,0.0002891147294159485,
P62249,P40926,0.010007962918628077,
P62249,P42765,0.002584941120283985,
P62249,P45877,0.017536664845316588,
P62249,P46379,0.09065813672257499,
P62249,P48556,0.0028212172102324734,
P62249,P49756,0.027749201264658123,
P62249,P52943,0.0006757481860092278,
P62249,P53621,0.04166655425363966,
P62249,P56192,0.012133161367781564,
P62249,P61981,0.0006633109608570728,
P62249,P62328,0.00044105498938059375,
P62249,P62854,0.040125942811366506,
P62249,P62888,0.022832757896509424,
P62249,P62906,0.009052883166793733,
P62249,P62913,0.06071497157729211,
P62249,P62917,0.0196155203689957,
P62249,Q01995,0.06508365266085363,
P62249,Q02218,0.01071651168974266,
P62249,Q02818,0.01117681549999847,
P62249,Q05682,0.0005852128455041892,
P62249,Q07065,0.018296341990754365,
P62249,Q07866,0.010185707214210925,
P62249,Q07954,0.0009271415915058537,
P62249,Q13162,0.0010525666530281034,
P62249,Q13263,0.0006286169537608918,
P62249,Q14011,0.00953395116031472,
P62249,Q14444,0.00018904105545867846,
P62249,Q15233,0.012982808532152865,
P62249,Q15459,0.028006308523371916,
P62249,Q15843,0.004785504669687138,
P62249,Q16629,0.0461670117329104,
P62249,Q7Z417,0.0008888512819247088,
P62249,Q96HC4,0.001006436389110022,
P62249,Q96KR1,0.002390668802074801,
P62249,Q96L92,0.0016693380713429654,
P62249,Q9H0U4,0.012080097089948014,
P62249,Q9HAV7,0.0010923443730112958,
P62249,Q9NQP4,0.011038048168782837,
P62249,Q9NRX4,0.017961674364054686,
P62249,Q9UHD8,0.0181592393757103,
P62249,Q9UJZ1,0.0006064519758402505,
P62249,Q9UMS6,0.003088738708517565,
P62249,Q9UNH7,0.001691471664566586,
P62249,Q9Y3D6,0.00010100320344261748,
P62328,O15143,0.002451492195876779,
P62328,O43617,0.004178661050925656,
P62328,O94925,0.0005658191989312836,
P62328,P00568,0.0004973117626803365,
P62328,P02652,0.03779857008766667,
P62328,P04179,0.01797260130394661,
P62328,P05121,0.017761867185308436,
P62328,P05976,0.02703217625374307,
P62328,P06753,0.00022373788045340127,
P62328,P07203,0.010359020273823415,
P62328,P07339,0.015196207570898188,
P62328,P12956,0.026022662313078926,
P62328,P13010,2.6997060982199626e-05,
P62328,P14314,0.018752821338786606,
P62328,P15374,0.005600045509730213,
P62328,P18859,0.007873679123852659,
P62328,P21281,0.001908677885365886,
P62328,P23246,0.026244664785697504,
P62328,P26022,0.0023274207379826452,
P62328,P26447,0.012685317198111888,
P62328,P27816,0.004283050228083986,
P62328,P30048,0.006552263741654769,
P62328,P30085,0.00811270523665381,
P62328,P35222,0.01257427819360265,
P62328,P36957,0.035618472607423034,
P62328,P37837,0.010051727664895056,
P62328,P38606,0.0001767397357680258,
P62328,P40926,0.00013565325947862528,
P62328,P42765,0.005837932549760768,
P62328,P45877,0.050843912937723806,
P62328,P46379,0.004556677374938739,
P62328,P48556,0.013928433197126684,
P62328,P49756,0.006000945301509298,
P62328,P52943,0.0013877199448212182,
P62328,P53621,0.011472270249369993,
P62328,P56192,0.05206745619992477,
P62328,P61981,0.019953240625242653,
P62328,P62249,0.00960426776538649,
P62328,P62854,0.008461171009018517,
P62328,P62888,0.012704317857844618,
P62328,P62906,0.00033208733716555584,
P62328,P62913,0.036810198620308265,
P62328,P62917,0.005930191885809337,
P62328,Q01995,0.01069224150287057,
P62328,Q02218,0.011455719726531886,
P62328,Q02818,0.007908832702006575,
P62328,Q05682,0.009922132977362533,
P62328,Q07065,0.0246399865699669,
P62328,Q07866,0.0023917314213957224,
P62328,Q07954,0.0421768456499504,
P62328,Q13162,0.016090422987346403,
P62328,Q13263,0.008417523421723111,
P62328,Q14011,0.00975539727971219,
P62328,Q14444,0.013164673400864564,
P62328,Q15233,0.05990249613981109,
P62328,Q15459,0.008432285101263612,
P62328,Q15843,0.025357924433370753,
P62328,Q16629,0.0052225587191122745,
P62328,Q7Z417,0.014211828009049198,
P62328,Q96HC4,0.012134968274973942,
P62328,Q96KR1,0.008455469915362328,
P62328,Q96L92,0.03690949009940219,
P62328,Q9H0U4,0.0005942077782108398,
P62328,Q9HAV7,0.0015118813915495823,
P62328,Q9NQP4,0.002351849450104567,
P62328,Q9NRX4,0.004470772132962929,
P62328,Q9UHD8,0.018264302480259356,
P62328,Q9UJZ1,0.003909096711609349,
P62328,Q9UMS6,0.019464889333753132,
P62328,Q9UNH7,0.012746161704974151,
P62328,Q9Y3D6,0.03325820822786643,
P62854,O15143,0.019028031155937087,
P62854,O43617,0.00041246284889927715,
P62854,O94925,0.0013117880374181334,
P62854,P00568,0.001083336099521779,
P62854,P02652,0.0014223894583302896,
P62854,P04179,0.01839501186743627,
P62854,P05121,0.008773493867395765,
P62854,P05976,0.01186538028518013,
P62854,P06753,0.0012284258260814717,
P62854,P07203,0.0005556479799853116,
P62854,P07339,0.004815669751690372,
P62854,P12956,0.038321413745730115,
P62854,P13010,0.010437725807625966,
P62854,P14314,0.0008025913243257732,
P62854,P15374,0.018024585015476137,
P62854,P18859,0.0026795434320246534,
P62854,P21281,0.0013211287425485003,
P62854,P23246,0.018270724471450995,
P62854,P26022,0.024873133888620672,
P62854,P26447,0.036361374665297215,
P62854,P27816,0.0010604827237049555,
P62854,P30048,0.0018585899127090632,
P62854,P30085,0.009846348485041402,
P62854,P35222,0.0019949068981965357,
P62854,P36957,0.025314822888290303,
P62854,P37837,0.01558972867347843,
P62854,P38606,0.0001285561074289045,
P62854,P40926,0.0031457069566093506,
P62854,P42765,0.015769294079594286,
P62854,P45877,0.0007890502494932607,
P62854,P46379,0.025547756519174503,
P62854,P48556,0.01199283144457023,
P62854,P49756,0.020403462820720458,
P62854,P52943,0.02577293431484933,
P62854,P53621,0.018259656719177113,
P62854,P56192,0.0008949179909794498,
P62854,P61981,0.007039006167159929,
P62854,P62249,0.06560823041117007,
P62854,P62328,0.00013537054427968634,
P62854,P62888,0.019806643361121364,
P62854,P62906,0.0015285990507516883,
P62854,P62913,0.023633420672231245,
P62854,P62917,0.012130830625756516,
P62854,Q01995,0.061679628317999,
P62854,Q02218,0.01738935797377672,
P62854,Q02818,0.023351107223203927,
P62854,Q05682,0.0025820208290967873,
P62854,Q07065,0.009370005415151691,
P62854,Q07866,0.001985138149635331,
P62854,Q07954,0.013673474330012243,
P62854,Q13162,0.0016402479834648604,
P62854,Q13263,0.00896060530579002,
P62854,Q14011,0.002573783480336639,
P62854,Q14444,0.026530006995340482,
P62854,Q15233,0.00867600507348037,
P62854,Q15459,0.03712433650648701,
P62854,Q15843,0.009271956793607775,
P62854,Q16629,0.06735896093067813,
P62854,Q7Z417,0.0009287394219065486,
P62854,Q96HC4,0.001090079033933475,
P62854,Q96KR1,0.011772068278761438,
P62854,Q96L92,0.0015172821644752004,
P62854,Q9H0U4,0.009671260443723205,
P62854,Q9HAV7,0.009545734866476075,
P62854,Q9NQP4,0.01487059252344604,
P62854,Q9NRX4,0.006430662921909716,
P62854,Q9UHD8,0.05308372901548119,
P62854,Q9UJZ1,0.0012885073251579574,
P62854,Q9UMS6,0.00020469486953335857,
P62854,Q9UNH7,0.0038710709436180625,
P62854,Q9Y3D6,0.001342835803322158,
P62888,O15143,0.00022904201177507738,
P62888,O43617,0.00023689147991170224,
P62888,O94925,0.018514072680886645,
P62888,P00568,0.00015677359813662164,
P62888,P02652,0.004888145336784063,
P62888,P04179,0.08754233453037194,
P62888,P05121,0.040710940623067036,
P62888,P05976,0.011846601328320015,
P62888,P06753,0.0004171872217970323,
P62888,P07203,0.0024625715435753486,
P62888,P07339,0.0015614902913761728,
P62888,P12956,0.024221736160319682,
P62888,P13010,0.02693386723669323,
P62888,P14314,0.002334653250775259,
P62888,P15374,0.018085141308942322,
P62888,P18859,0.018614657855502002,
P62888,P21281,0.0016751336852086206,
P62888,P23246,0.017654283440997752,
P62888,P26022,0.06160803899387135,
P62888,P26447,0.013653005929353153,
P62888,P27816,0.00040130045515074977,
P62888,P30048,0.007298703700462571,
P62888,P30085,0.004249353374960494,
P62888,P35222,0.009559560332501217,
P62888,P36957,0.03516013044363079,
P62888,P37837,0.0001520879018954961,
P62888,P38606,0.009416834591802665,
P62888,P40926,0.00233603972248684,
P62888,P42765,0.07269466433945634,
P62888,P45877,0.017883669439991305,
P62888,P46379,0.01068299557507985,
P62888,P48556,0.017760353213337115,
P62888,P49756,3.43632426743613e-05,
P62888,P52943,0.0013760557069565937,
P62888,P53621,0.03502191873144733,
P62888,P56192,0.014130195357344002,
P62888,P61981,0.001574494446417303,
P62888,P62249,0.03541059259922702,
P62888,P62328,0.000491344508584722,
P62888,P62854,0.03526434069604758,
P62888,P62906,0.010683296640776536,
P62888,P62913,0.02660967716588098,
P62888,P62917,0.00040025101169210357,
P62888,Q01995,0.01844733962117689,
P62888,Q02218,0.0003141405442522963,
P62888,Q02818,0.0002680562678763663,
P62888,Q05682,0.0007408545683276728,
P62888,Q07065,0.011439630123357705,
P62888,Q07866,0.01170644088756326,
P62888,Q07954,0.010658240264347012,
P62888,Q13162,0.005552501306825216,
P62888,Q13263,0.05649019552834848,
P62888,Q14011,0.0029340829866737767,
P62888,Q14444,0.02915000464218682,
P62888,Q15233,0.0098903201157819,
P62888,Q15459,0.001722925082309812,
P62888,Q15843,0.01940964349099282,
P62888,Q16629,0.0006260105472148368,
P62888,Q7Z417,0.0,
P62888,Q96HC4,3.118792834757608e-07,
P62888,Q96KR1,0.0014635717052442299,
P62888,Q96L92,0.018397939178471184,
P62888,Q9H0U4,0.0175517925477643,
P62888,Q9HAV7,0.016861322035677497,
P62888,Q9NQP4,0.0028716690724323256,
P62888,Q9NRX4,0.001436016932039802,
P62888,Q9UHD8,0.010569655094072842,
P62888,Q9UJZ1,0.0008443084245868041,
P62888,Q9UMS6,1.5347871028827574e-05,
P62888,Q9UNH7,0.009955547195127597,
P62888,Q9Y3D6,0.002942265239317215,
P62906,O15143,0.002653054155658353,
P62906,O43617,0.00022896895413455424,
P62906,O94925,0.011533498706525293,
P62906,P00568,0.0381917132999799,
P62906,P02652,0.0250107245816848,
P62906,P04179,0.0003931216906376488,
P62906,P05121,0.02847395245677009,
P62906,P05976,0.016240618498975457,
P62906,P06753,0.002328078367172052,
P62906,P07203,0.0009495163448890821,
P62906,P07339,0.0015064259555461318,
P62906,P12956,0.008582182312882929,
P62906,P13010,0.006365717658647967,
P62906,P14314,0.0011596948647390449,
P62906,P15374,0.0018554463266630666,
P62906,P18859,0.0019549499207485712,
P62906,P21281,0.00944524275389136,
P62906,P23246,0.005945071639827191,
P62906,P26022,0.023335107217475778,
P62906,P26447,0.02134994571208181,
P62906,P27816,0.0780310155773025,
P62906,P30048,0.009104532971285993,
P62906,P30085,0.00022178673581402093,
P62906,P35222,0.01041923516332106,
P62906,P36957,0.0010003867922927046,
P62906,P37837,0.018307445090689087,
P62906,P38606,0.013438507561857264,
P62906,P40926,0.0010756263643994584,
P62906,P42765,0.01139586688186862,
P62906,P45877,0.04938465095269126,
P62906,P46379,0.009954014396672458,
P62906,P48556,0.0319339301588265,
P62906,P49756,0.046386350656081,
P62906,P52943,0.009447982111605573,
P62906,P53621,0.007500042355389142,
P62906,P56192,0.003849766514233559,
P62906,P61981,0.009359875279806607,
P62906,P62249,0.004112663553402699,
P62906,P62328,0.0010165320450916525,
P62906,P62854,0.002633015381086712,
P62906,P62888,0.011706268855444736,
P62906,P62913,0.027057574905103438,
P62906,P62917,0.0007663409128589374,
P62906,Q01995,0.0012204497631101,
P62906,Q02218,0.019887312840684745,
P62906,Q02818,0.04610871092498137,
P62906,Q05682,0.0007218954045013534,
P62906,Q07065,0.003764138395617342,
P62906,Q07866,0.009345709383202337,
P62906,Q07954,3.3605765977557194e-05,
P62906,Q13162,0.042628921218244686,
P62906,Q13263,0.008723939805632963,
P62906,Q14011,0.00247328658595825,
P62906,Q14444,0.06747696589305871,
P62906,Q15233,0.01000576024423855,
P62906,Q15459,0.003954103818769603,
P62906,Q15843,0.005778637271307322,
P62906,Q16629,0.008001043249614476,
P62906,Q7Z417,0.004484779686045608,
P62906,Q96HC4,0.008016739158184343,
P62906,Q96KR1,0.01805024639140943,
P62906,Q96L92,0.0032634839069079448,
P62906,Q9H0U4,0.0019415903921606197,
P62906,Q9HAV7,0.004618480758146799,
P62906,Q9NQP4,0.024459493260935813,
P62906,Q9NRX4,0.012267626357632264,
P62906,Q9UHD8,0.0007317999517112996,
P62906,Q9UJZ1,0.032852454937322216,
P62906,Q9UMS6,0.01816916333225571,
P62906,Q9UNH7,0.016758493396744047,
P62906,Q9Y3D6,0.04110108039591535,
P62913,O15143,0.011524165421046706,
P62913,O43617,0.03295280206651288,
P62913,O94925,0.013055189882213538,
P62913,P00568,0.016455323601827096,
P62913,P02652,0.007707406054696797,
P62913,P04179,0.01349258587886169,
P62913,P05121,0.0027092132113780676,
P62913,P05976,0.008817893180230976,
P62913,P06753,0.013811912441592142,
P62913,P07203,0.004044968287158927,
P62913,P07339,0.012024518534354663,
P62913,P12956,0.01271030923334228,
P62913,P13010,0.004023619915138094,
P62913,P14314,0.00038307808882313615,
P62913,P15374,0.007870658102290857,
P62913,P18859,0.029649763091283577,
P62913,P21281,0.010397080913793925,
P62913,P23246,0.00297280535903688,
P62913,P26022,0.027375039083124875,
P62913,P26447,0.00487687816906934,
P62913,P27816,0.011145552347175049,
P62913,P30048,0.0008362016213563875,
P62913,P30085,0.0103929334214824,
P62913,P35222,0.004079534010066166,
P62913,P36957,0.023151766116747016,
P62913,P37837,0.005992054777597663,
P62913,P38606,0.027362771128752093,
P62913,P40926,0.0005204319410827465,
P62913,P42765,0.05577378313622597,
P62913,P45877,0.018593159130526074,
P62913,P46379,0.057453982083163845,
P62913,P48556,0.026635277310041686,
P62913,P49756,0.0016116942988920308,
P62913,P52943,0.01244062223057776,
P62913,P53621,0.014920948460939627,
P62913,P56192,0.010908315265834568,
P62913,P61981,0.003807233661641134,
P62913,P62249,0.00539194812672018,
P62913,P62328,0.0058532527997650985,
P62913,P62854,0.02505435639316527,
P62913,P62888,0.045557035743382136,
P62913,P62906,0.007028969463969883,
P62913,P62917,0.0036193169813115217,
P62913,Q01995,0.020281362485916964,
P62913,Q02218,0.010066523016743349,
P62913,Q02818,0.013725483400645475,
P62913,Q05682,0.01681438424201645,
P62913,Q07065,0.015811826211609255,
P62913,Q07866,0.00958447505775758,
P62913,Q07954,0.013029009506509875,
P62913,Q13162,0.011187634076457922,
P62913,Q13263,0.002004758356356706,
P62913,Q14011,0.00492579477909668,
P62913,Q14444,0.000529731763197391,
P62913,Q15233,0.006859792880099288,
P62913,Q15459,0.002034390492804784,
P62913,Q15843,0.029342049100458113,
P62913,Q16629,0.0030138300094313163,
P62913,Q7Z417,0.006249246860834545,
P62913,Q96HC4,0.003441409610481073,
P62913,Q96KR1,0.006884364290954391,
P62913,Q96L92,0.04818243924350277,
P62913,Q9H0U4,0.004310791571440988,
P62913,Q9HAV7,0.015416435917933595,
P62913,Q9NQP4,0.003449988103242438,
P62913,Q9NRX4,0.002532633497603663,
P62913,Q9UHD8,0.0010226720941775588,
P62913,Q9UJZ1,0.0823668640647552,
P62913,Q9UMS6,0.019833205118755942,
P62913,Q9UNH7,0.00024809542468069213,
P62913,Q9Y3D6,0.008713478072384285,
P62917,O15143,0.01899154547841662,
P62917,O43617,0.010556155367585168,
P62917,O94925,0.017943628517098128,
P62917,P00568,0.027081009655135733,
P62917,P02652,0.021455579205030963,
P62917,P04179,0.012620457794094505,
P62917,P05121,0.007711015828893061,
P62917,P05976,0.0011965441847667814,
P62917,P06753,0.01777126777730829,
P62917,P07203,0.01634984693690169,
P62917,P07339,0.0019093982454965706,
P62917,P12956,0.00014466355581879703,
P62917,P13010,0.010791955031816198,
P62917,P14314,0.011941268297079125,
P62917,P15374,0.010193553095000482,
P62917,P18859,0.00289305248852407,
P62917,P21281,0.0013916158875065883,
P62917,P23246,0.009406006922158174,
P62917,P26022,0.007074800454760434,
P62917,P26447,0.0029448730218502575,
P62917,P27816,0.0024290221811502496,
P62917,P30048,0.001627473602245982,
P62917,P30085,0.0017308671421422872,
P62917,P35222,2.3510183075366733e-05,
P62917,P36957,0.011476131757965368,
P62917,P37837,0.0003593480953210009,
P62917,P38606,0.00042736958180777766,
P62917,P40926,0.020588460369293658,
P62917,P42765,0.02115600409186482,
P62917,P45877,0.0013749491258922102,
P62917,P46379,0.0029985620707786457,
P62917,P48556,0.024431206204750117,
P62917,P49756,0.10402963630425548,
P62917,P52943,0.0014971554528193955,
P62917,P53621,0.010357056542760035,
P62917,P56192,0.00523521887166809,
P62917,P61981,0.01670161870766347,
P62917,P62249,0.0003580192363745768,
P62917,P62328,0.020685432226181376,
P62917,P62854,0.0012124453554379975,
P62917,P62888,0.0012720061720508191,
P62917,P62906,0.0038973183573930746,
P62917,P62913,0.008709270723084016,
P62917,Q01995,0.00325171174972039,
P62917,Q02218,0.00041832883289843293,
P62917,Q02818,0.0013033035168560718,
P62917,Q05682,0.00112705563086481,
P62917,Q07065,0.001606008918371884,
P62917,Q07866,0.0013953533267923263,
P62917,Q07954,0.0064567974412245745,
P62917,Q13162,0.041073965922850016,
P62917,Q13263,0.009539589474741962,
P62917,Q14011,0.017466187597662382,
P62917,Q14444,0.008353757359037713,
P62917,Q15233,0.07069161704623693,
P62917,Q15459,0.00862574156534715,
P62917,Q15843,0.0007962668535208277,
P62917,Q16629,0.0010071313333433376,
P62917,Q7Z417,0.07068038952527855,
P62917,Q96HC4,0.0011360489982890978,
P62917,Q96KR1,0.14224581648609425,
P62917,Q96L92,0.005552089967119142,
P62917,Q9H0U4,0.027101190310783136,
P62917,Q9HAV7,0.0070974495696255685,
P62917,Q9NQP4,0.010275770510561617,
P62917,Q9NRX4,0.004069184337123655,
P62917,Q9UHD8,0.00019641808063417608,
P62917,Q9UJZ1,0.019278809656689867,
P62917,Q9UMS6,0.016349531847014452,
P62917,Q9UNH7,0.0006651549211053852,
P62917,Q9Y3D6,0.014692071088672052,
Q01995,O15143,0.013436196020585352,
Q01995,O43617,0.027444646818338338,
Q01995,O94925,0.009244265247418545,
Q01995,P00568,0.009724661852049758,
Q01995,P02652,0.0011805656275052597,
Q01995,P04179,0.048438550768262735,
Q01995,P05121,0.018460308177771268,
Q01995,P05976,0.012609276343526564,
Q01995,P06753,0.0026665927591035666,
Q01995,P07203,0.0015931632288845856,
Q01995,P07339,0.0006540905775195879,
Q01995,P12956,0.06122728997065943,
Q01995,P13010,0.06656628808674968,
Q01995,P14314,0.0011038383983293279,
Q01995,P15374,0.008117505170702323,
Q01995,P18859,0.022980088043015306,
Q01995,P21281,0.0022747804606064615,
Q01995,P23246,0.02640023202258436,
Q01995,P26022,0.0019092567902396582,
Q01995,P26447,0.011970593445093049,
Q01995,P27816,0.0017563989586200854,
Q01995,P30048,0.013520140098452317,
Q01995,P30085,0.0023744894311486654,
Q01995,P35222,0.0002970125573621435,
Q01995,P36957,0.0239728287504381,
Q01995,P37837,0.0014265052253815097,
Q01995,P38606,0.00033437756136109033,
Q01995,P40926,0.012676479018387553,
Q01995,P42765,0.04931526231413365,
Q01995,P45877,0.029987116039966493,
Q01995,P46379,0.018962534229202063,
Q01995,P48556,0.01577024311765806,
Q01995,P49756,0.011765768430446178,
Q01995,P52943,0.008664755839507755,
Q01995,P53621,0.0070656955317134965,
Q01995,P56192,0.06577992554802319,
Q01995,P61981,0.0037322498979721857,
Q01995,P62249,0.0019266397719594952,
Q01995,P62328,0.003162463960187475,
Q01995,P62854,0.008260840936862902,
Q01995,P62888,5.8823314006015236e-05,
Q01995,P62906,0.007256202975321719,
Q01995,P62913,0.020130169190051738,
Q01995,P62917,0.0003456181860840113,
Q01995,Q02218,0.022780290712030624,
Q01995,Q02818,0.0018990283573116623,
Q01995,Q05682,0.021935352095411795,
Q01995,Q07065,0.011610734179463802,
Q01995,Q07866,0.004348274653890217,
Q01995,Q07954,0.0032800756675187537,
Q01995,Q13162,0.007376682346853288,
Q01995,Q13263,0.023375649408228644,
Q01995,Q14011,0.010888125573445165,
Q01995,Q14444,0.008901671640959709,
Q01995,Q15233,0.044697022112496924,
Q01995,Q15459,0.003628726756348873,
Q01995,Q15843,0.0027981425295101276,
Q01995,Q16629,0.0037897768637062124,
Q01995,Q7Z417,0.029194086423766866,
Q01995,Q96HC4,0.0005215369800568913,
Q01995,Q96KR1,0.002717590534437221,
Q01995,Q96L92,0.03074552041018094,
Q01995,Q9H0U4,0.025871246622130636,
Q01995,Q9HAV7,0.0009364371534617811,
Q01995,Q9NQP4,0.011039706286581165,
Q01995,Q9NRX4,0.002531951513866585,
Q01995,Q9UHD8,0.004555539786250829,
Q01995,Q9UJZ1,0.01592450476919494,
Q01995,Q9UMS6,0.011430741784221732,
Q01995,Q9UNH7,0.008267170267089584,
Q01995,Q9Y3D6,0.0009839699444965976,
Q02218,O15143,0.001763558405620077,
Q02218,O43617,0.05192451437401683,
Q02218,O94925,0.021016049129841795,
Q02218,P00568,0.003389762931568939,
Q02218,P02652,0.0029427181316839485,
Q02218,P04179,0.08364145535998793,
Q02218,P05121,0.005926976127475571,
Q02218,P05976,0.027534134554889657,
Q02218,P06753,0.011300097732993532,
Q02218,P07203,0.0007055035902958055,
Q02218,P07339,0.038013871064326056,
Q02218,P12956,0.009729771550822693,
Q02218,P13010,0.010559757896740248,
Q02218,P14314,0.0034811223541432847,
Q02218,P15374,0.01714992838533705,
Q02218,P18859,0.03440266387937325,
Q02218,P21281,0.0020660667156741238,
Q02218,P23246,0.010755205911200999,
Q02218,P26022,0.0014869898553543331,
Q02218,P26447,0.0012023400845070649,
Q02218,P27816,0.003414213977215492,
Q02218,P30048,0.009602107636716794,
Q02218,P30085,0.0008769390433568415,
Q02218,P35222,0.007088251918495374,
Q02218,P36957,0.07369951282277398,
Q02218,P37837,0.002172818167304016,
Q02218,P38606,0.0024214079215103207,
Q02218,P40926,0.002368770682432483,
Q02218,P42765,0.027769772886293138,
Q02218,P45877,0.0009299479237429632,
Q02218,P46379,0.0493893853145783,
Q02218,P48556,0.06519759487718187,
Q02218,P49756,0.00217313483961882,
Q02218,P52943,0.0020892111822224894,
Q02218,P53621,0.0021883856930677657,
Q02218,P56192,0.002797695110537949,
Q02218,P61981,0.001377255412917338,
Q02218,P62249,0.009776470343525932,
Q02218,P62328,0.037225800193148785,
Q02218,P62854,0.01173739699763638,
Q02218,P62888,0.011178279057912329,
Q02218,P62906,0.001845777641280506,
Q02218,P62913,0.0001220939604784895,
Q02218,P62917,0.0013354223432158303,
Q02218,Q01995,0.07424940465017872,
Q02218,Q02818,0.0027878990016094373,
Q02218,Q05682,0.001540413282632989,
Q02218,Q07065,0.0018815386859845071,
Q02218,Q07866,0.0012415188193802813,
Q02218,Q07954,0.04344614386149285,
Q02218,Q13162,0.0004614304175256579,
Q02218,Q13263,0.002674921619755495,
Q02218,Q14011,0.0002964575473098143,
Q02218,Q14444,0.00513337314492933,
Q02218,Q15233,0.0011765498145658712,
Q02218,Q15459,0.0006070648728247808,
Q02218,Q15843,0.05673290816802149,
Q02218,Q16629,0.0013496736737316451,
Q02218,Q7Z417,0.0046115136676407,
Q02218,Q96HC4,0.002883192546011043,
Q02218,Q96KR1,0.0015990175123095673,
Q02218,Q96L92,0.0031403380090849285,
Q02218,Q9H0U4,0.011411992907029316,
Q02218,Q9HAV7,0.018886203483223136,
Q02218,Q9NQP4,0.010563257323647587,
Q02218,Q9NRX4,0.0012214942112608463,
Q02218,Q9UHD8,0.003289675497112181,
Q02218,Q9UJZ1,0.01699809311494484,
Q02218,Q9UMS6,0.008411285606455514,
Q02218,Q9UNH7,0.01824711763079234,
Q02218,Q9Y3D6,0.03568551289691958,
Q02818,O15143,0.0021930081679746626,
Q02818,O43617,0.0027936820543935873,
Q02818,O94925,0.00046856078710390264,
Q02818,P00568,0.01663987608165371,
Q02818,P02652,0.03644883663852415,
Q02818,P04179,0.017915865519520263,
Q02818,P05121,0.002190095049452083,
Q02818,P05976,0.04913199664879407,
Q02818,P06753,0.0029081943750190213,
Q02818,P07203,0.00039028298626886946,
Q02818,P07339,0.02716110005057661,
Q02818,P12956,0.005589864403276112,
Q02818,P13010,0.0027084510541778846,
Q02818,P14314,0.0002722886806509527,
Q02818,P15374,0.0042541272039011944,
Q02818,P18859,0.00187721649844123,
Q02818,P21281,0.006498238020602367,
Q02818,P23246,0.007376742624018968,
Q02818,P26022,0.017790112279919224,
Q02818,P26447,0.001283029872723327,
Q02818,P27816,0.034269663619062085,
Q02818,P30048,0.00011099462952221816,
Q02818,P30085,0.006618594365773137,
Q02818,P35222,0.010500567442369727,
Q02818,P36957,0.0002911830265889426,
Q02818,P37837,0.005908369230947515,
Q02818,P38606,0.008379475703837756,
Q02818,P40926,0.03786437544233134,
Q02818,P42765,0.02650125584885079,
Q02818,P45877,0.009517920130442694,
Q02818,P46379,0.011252714360707483,
Q02818,P48556,0.0015431484846327099,
Q02818,P49756,0.010855186918363275,
Q02818,P52943,0.0028736362463797098,
Q02818,P53621,0.0009471250542590496,
Q02818,P56192,0.0016390825863067892,
Q02818,P61981,0.05035061524572679,
Q02818,P62249,0.003884231372864685,
Q02818,P62328,0.002654239598287933,
Q02818,P62854,0.003206844883082058,
Q02818,P62888,0.003443105575156741,
Q02818,P62906,0.010647723051819498,
Q02818,P62913,0.008286326008227944,
Q02818,P62917,0.028219524252593612,
Q02818,Q01995,0.04597893727823979,
Q02818,Q02218,0.003768269034339897,
Q02818,Q05682,0.014769665174294622,
Q02818,Q07065,0.010108809765387052,
Q02818,Q07866,0.018340507973961875,
Q02818,Q07954,0.027523758201200142,
Q02818,Q13162,0.01634897439042902,
Q02818,Q13263,0.00994285043550576,
Q02818,Q14011,0.0024159988221147096,
Q02818,Q14444,0.018440336423622975,
Q02818,Q15233,0.00296465426893941,
Q02818,Q15459,0.006356651274636681,
Q02818,Q15843,0.030917516692101753,
Q02818,Q16629,0.01229922202794527,
Q02818,Q7Z417,0.005804468835753857,
Q02818,Q96HC4,0.0010245668827829626,
Q02818,Q96KR1,0.023077883870474682,
Q02818,Q96L92,0.00184189717040355,
Q02818,Q9H0U4,0.0011964070632374737,
Q02818,Q9HAV7,0.0012510734060868936,
Q02818,Q9NQP4,0.01738027605781183,
Q02818,Q9NRX4,0.013911118019538024,
Q02818,Q9UHD8,0.012210198150917175,
Q02818,Q9UJZ1,0.018116785492157495,
Q02818,Q9UMS6,0.016652916606766124,
Q02818,Q9UNH7,0.00037597716168284566,
Q02818,Q9Y3D6,0.1786490982364098,
Q05682,O15143,0.00048390521128137653,
Q05682,O43617,0.002102138549558609,
Q05682,O94925,0.006796762470688378,
Q05682,P00568,0.0019348467068606686,
Q05682,P02652,0.0025660466217796263,
Q05682,P04179,0.03666980270224055,
Q05682,P05121,0.02608183793559794,
Q05682,P05976,0.01372964236344381,
Q05682,P06753,0.008006888686766592,
Q05682,P07203,0.019507394768011856,
Q05682,P07339,0.012388324615101927,
Q05682,P12956,0.04894088099682711,
Q05682,P13010,0.04403469307978603,
Q05682,P14314,0.01139177430697582,
Q05682,P15374,0.00864031331074147,
Q05682,P18859,0.010993354194189928,
Q05682,P21281,0.012152331063150607,
Q05682,P23246,0.043405001173935594,
Q05682,P26022,0.022983361232820257,
Q05682,P26447,0.0001444666274835441,
Q05682,P27816,0.02054110263175019,
Q05682,P30048,0.0002469806014966439,
Q05682,P30085,0.0021850925476069503,
Q05682,P35222,0.0016681318637522691,
Q05682,P36957,0.02113413383349443,
Q05682,P37837,0.0011923654168438417,
Q05682,P38606,0.00020392759771210202,
Q05682,P40926,0.0017814928009921753,
Q05682,P42765,0.07431852883293666,
Q05682,P45877,0.10512596576393264,
Q05682,P46379,0.014411454869006378,
Q05682,P48556,0.01031255536700403,
Q05682,P49756,0.0013135513367146814,
Q05682,P52943,0.0019603699587716684,
Q05682,P53621,0.01710968474673253,
Q05682,P56192,0.03270558243273536,
Q05682,P61981,0.001297150464121049,
Q05682,P62249,0.01834913521202514,
Q05682,P62328,0.001050456622519917,
Q05682,P62854,0.003253593167187563,
Q05682,P62888,0.012012510712622684,
Q05682,P62906,0.0025381380604048306,
Q05682,P62913,0.02752703153917043,
Q05682,P62917,0.0009039502416008933,
Q05682,Q01995,0.019293311229742323,
Q05682,Q02218,0.017251343682694965,
Q05682,Q02818,0.0025984731754896025,
Q05682,Q07065,0.0014945132774254826,
Q05682,Q07866,0.006568423456284167,
Q05682,Q07954,0.009366595418912726,
Q05682,Q13162,0.00030644931014771093,
Q05682,Q13263,0.0011999028683776477,
Q05682,Q14011,0.002697156545146636,
Q05682,Q14444,0.0018191653590048386,
Q05682,Q15233,0.027807060640788184,
Q05682,Q15459,0.003978961004187795,
Q05682,Q15843,0.0018743207029224076,
Q05682,Q16629,0.01038511964682422,
Q05682,Q7Z417,0.03207704011328218,
Q05682,Q96HC4,0.009906360830775401,
Q05682,Q96KR1,0.004011458495332309,
Q05682,Q96L92,0.01848590727739925,
Q05682,Q9H0U4,0.03492533221303049,
Q05682,Q9HAV7,0.00567211518607754,
Q05682,Q9NQP4,0.009395756873417283,
Q05682,Q9NRX4,0.011339587889168374,
Q05682,Q9UHD8,0.002770793069116757,
Q05682,Q9UJZ1,0.01340858067635687,
Q05682,Q9UMS6,0.018674883195490703,
Q05682,Q9UNH7,0.015819150063210566,
Q05682,Q9Y3D6,0.0016549476302234547,
Q07065,O15143,0.01789021965496671,
Q07065,O43617,0.03806859971027333,
Q07065,O94925,0.0012459942758973287,
Q07065,P00568,0.13498040471816794,
Q07065,P02652,0.028995794741248852,
Q07065,P04179,0.028314679088778664,
Q07065,P05121,0.0032801508943446083,
Q07065,P05976,0.002685605165813258,
Q07065,P06753,0.01916891723274596,
Q07065,P07203,0.0021430641675824302,
Q07065,P07339,0.008469853777421486,
Q07065,P12956,0.0014704096454030968,
Q07065,P13010,0.009430306797591721,
Q07065,P14314,0.018881431361995903,
Q07065,P15374,0.009156638757959926,
Q07065,P18859,0.019629510930475637,
Q07065,P21281,0.003250878202626885,
Q07065,P23246,0.0002332824866331181,
Q07065,P26022,0.0014144897609423884,
Q07065,P26447,0.002274436917743949,
Q07065,P27816,7.189359418130414e-08,
Q07065,P30048,0.018737471575016734,
Q07065,P30085,0.0007929218223525057,
Q07065,P35222,0.0005805413961968642,
Q07065,P36957,0.01143182452002155,
Q07065,P37837,0.014889177917676353,
Q07065,P38606,0.006258088768577922,
Q07065,P40926,0.001055373699094094,
Q07065,P42765,0.021212725355897084,
Q07065,P45877,0.05135778072803014,
Q07065,P46379,0.0005874461792344269,
Q07065,P48556,0.03674299939017585,
Q07065,P49756,0.009116021216283158,
Q07065,P52943,0.0015422355960737115,
Q07065,P53621,0.001797231167759416,
Q07065,P56192,0.01019195229749566,
Q07065,P61981,0.018392640262529455,
Q07065,P62249,0.009888191246791737,
Q07065,P62328,0.010615996892385961,
Q07065,P62854,0.002680085810470499,
Q07065,P62888,0.010389639419941634,
Q07065,P62906,0.0011406052334850597,
Q07065,P62913,0.0029596703231173542,
Q07065,P62917,0.026538191489160284,
Q07065,Q01995,0.02107489439914707,
Q07065,Q02218,0.017618009075710005,
Q07065,Q02818,0.0006396190625129598,
Q07065,Q05682,0.018324297486281265,
Q07065,Q07866,0.011000870701435512,
Q07065,Q07954,0.03881966776056144,
Q07065,Q13162,0.011760420684772037,
Q07065,Q13263,0.0009771328627342945,
Q07065,Q14011,0.010448531056982268,
Q07065,Q14444,0.010520872575157443,
Q07065,Q15233,0.023484957348727065,
Q07065,Q15459,0.0007481103282801645,
Q07065,Q15843,0.0036401273410245905,
Q07065,Q16629,0.00024859741411839434,
Q07065,Q7Z417,0.020749788585020964,
Q07065,Q96HC4,0.009793244705889534,
Q07065,Q96KR1,0.002692228001446465,
Q07065,Q96L92,0.017780314359189323,
Q07065,Q9H0U4,0.0015499311405271848,
Q07065,Q9HAV7,0.011773726622186214,
Q07065,Q9NQP4,0.010941439853684514,
Q07065,Q9NRX4,0.012993170864076002,
Q07065,Q9UHD8,0.0010184477874847137,
Q07065,Q9UJZ1,0.0019548138442166164,
Q07065,Q9UMS6,0.037230407387771225,
Q07065,Q9UNH7,0.0003471860018736079,
Q07065,Q9Y3D6,0.07232432899190804,
Q07866,O15143,0.005201479531173645,
Q07866,O43617,0.00943444553877829,
Q07866,O94925,0.001906504626515115,
Q07866,P00568,0.025748487831850533,
Q07866,P02652,0.007286880824451979,
Q07866,P04179,0.009416931716174403,
Q07866,P05121,0.000561766632241675,
Q07866,P05976,0.0010275360351822394,
Q07866,P06753,0.021010344970998768,
Q07866,P07203,0.016689352214712575,
Q07866,P07339,0.0014703413327915589,
Q07866,P12956,0.0037600280536551223,
Q07866,P13010,0.012567256528577698,
Q07866,P14314,0.00453416667591144,
Q07866,P15374,0.0020131725050498736,
Q07866,P18859,0.017424197506566205,
Q07866,P21281,0.008411033543199492,
Q07866,P23246,0.004992815096510001,
Q07866,P26022,0.0017867088043680664,
Q07866,P26447,0.012768590947611815,
Q07866,P27816,0.019153644630223992,
Q07866,P30048,0.0018032791686039282,
Q07866,P30085,0.00012679169635884145,
Q07866,P35222,0.018732750003306705,
Q07866,P36957,0.005235178066402318,
Q07866,P37837,0.0017024217384056506,
Q07866,P38606,0.009947103776704073,
Q07866,P40926,0.0014158868334950827,
Q07866,P42765,0.002546614120980565,
Q07866,P45877,0.011483377736087685,
Q07866,P46379,0.026574853314593253,
Q07866,P48556,0.010668011489680789,
Q07866,P49756,0.007563170444471239,
Q07866,P52943,0.006159707145749057,
Q07866,P53621,0.009506741088142702,
Q07866,P56192,0.00956582968577347,
Q07866,P61981,0.005946419338558589,
Q07866,P62249,0.0028028212586890962,
Q07866,P62328,0.009780500326074392,
Q07866,P62854,0.01359498321277998,
Q07866,P62888,0.04640830698699985,
Q07866,P62906,0.008101261364669926,
Q07866,P62913,0.0018000325373496453,
Q07866,P62917,0.0007056899302911157,
Q07866,Q01995,0.0026721984878899964,
Q07866,Q02218,0.1451563767407857,
Q07866,Q02818,0.11876645441188628,
Q07866,Q05682,0.0001874014241739495,
Q07866,Q07065,0.004186293668373859,
Q07866,Q07954,0.00797553263368473,
Q07866,Q13162,0.002251196884870108,
Q07866,Q13263,0.02718964004676042,
Q07866,Q14011,0.010731075136864564,
Q07866,Q14444,0.0037367087296110136,
Q07866,Q15233,0.001617320790160881,
Q07866,Q15459,0.0005690417512821541,
Q07866,Q15843,0.008638872427115729,
Q07866,Q16629,0.013511153330593545,
Q07866,Q7Z417,0.043791418430380265,
Q07866,Q96HC4,0.0017146874331022228,
Q07866,Q96KR1,0.014411339297999246,
Q07866,Q96L92,5.3427311381503707e-05,
Q07866,Q9H0U4,0.023486375134026835,
Q07866,Q9HAV7,0.0016931566749870516,
Q07866,Q9NQP4,0.008939512610720431,
Q07866,Q9NRX4,0.05985731433039916,
Q07866,Q9UHD8,0.0020972948068758786,
Q07866,Q9UJZ1,0.01380607467248389,
Q07866,Q9UMS6,0.005155042287037578,
Q07866,Q9UNH7,0.07548565299203845,
Q07866,Q9Y3D6,0.000234738187969653,
Q07954,O15143,0.00732437155481331,
Q07954,O43617,0.00906509340941616,
Q07954,O94925,0.009549409249396375,
Q07954,P00568,0.022076335387486195,
Q07954,P02652,0.0020573386183807938,
Q07954,P04179,0.0011359514190275655,
Q07954,P05121,0.004070658144645556,
Q07954,P05976,0.1275524864773775,
Q07954,P06753,0.011774106389503406,
Q07954,P07203,0.0025186693173286172,
Q07954,P07339,0.007649701464554044,
Q07954,P12956,0.013562170819234188,
Q07954,P13010,0.007019874870823445,
Q07954,P14314,0.0027766538218239327,
Q07954,P15374,0.0012614810021151206,
Q07954,P18859,0.00803053652046457,
Q07954,P21281,0.0012351246660367377,
Q07954,P23246,0.006929209256064883,
Q07954,P26022,0.009399279900211072,
Q07954,P26447,0.004949478220717458,
Q07954,P27816,0.0046768784722813535,
Q07954,P30048,0.03771228902975338,
Q07954,P30085,0.004670661280116337,
Q07954,P35222,0.06868805198864844,
Q07954,P36957,0.0002366570616779964,
Q07954,P37837,0.012633700677673079,
Q07954,P38606,0.009231291770132911,
Q07954,P40926,0.003513779983120076,
Q07954,P42765,0.0038889674525756923,
Q07954,P45877,0.009108973805189035,
Q07954,P46379,0.046013762893525524,
Q07954,P48556,0.0004327801070761214,
Q07954,P49756,0.0029402089860983086,
Q07954,P52943,0.0035033462305268997,
Q07954,P53621,0.0072781800336071435,
Q07954,P56192,0.00767676623773989,
Q07954,P61981,0.00229209380573464,
Q07954,P62249,0.007008254103147604,
Q07954,P62328,0.01507254136606657,
Q07954,P62854,0.013082184094773124,
Q07954,P62888,0.009471976482494798,
Q07954,P62906,0.01011593062755103,
Q07954,P62913,0.0012173800490781928,
Q07954,P62917,0.0030152525536826253,
Q07954,Q01995,0.0008340428037484096,
Q07954,Q02218,0.010032642795805166,
Q07954,Q02818,0.07918978859483848,
Q07954,Q05682,0.010256686925592524,
Q07954,Q07065,0.0004600681261449803,
Q07954,Q07866,0.0022817494615874944,
Q07954,Q13162,0.01777234109519676,
Q07954,Q13263,0.018908739863086846,
Q07954,Q14011,0.0019757571114211846,
Q07954,Q14444,2.416273429568379e-05,
Q07954,Q15233,0.000308047724126417,
Q07954,Q15459,0.030421569120583553,
Q07954,Q15843,0.012368170557307066,
Q07954,Q16629,0.003974997796221164,
Q07954,Q7Z417,0.04655240913212361,
Q07954,Q96HC4,0.009729528716077632,
Q07954,Q96KR1,0.008598978091101054,
Q07954,Q96L92,0.003298938653494809,
Q07954,Q9H0U4,0.017723148229733934,
Q07954,Q9HAV7,0.009135792665338009,
Q07954,Q9NQP4,0.012779362609376017,
Q07954,Q9NRX4,0.00407960355190996,
Q07954,Q9UHD8,0.009819622177785783,
Q07954,Q9UJZ1,0.03254257927249429,
Q07954,Q9UMS6,0.01611911264996579,
Q07954,Q9UNH7,0.03428501718896316,
Q07954,Q9Y3D6,0.024947388145770376,
Q13162,O15143,0.021348099317349156,
Q13162,O43617,0.0038390389074186735,
Q13162,O94925,8.089756029500898e-07,
Q13162,P00568,0.003559112646473313,
Q13162,P02652,0.012863740682276397,
Q13162,P04179,0.05483956902558974,
Q13162,P05121,0.011442613449980156,
Q13162,P05976,0.014634741138556753,
Q13162,P06753,0.015441197066407954,
Q13162,P07203,0.0067236134520355225,
Q13162,P07339,0.04539622904804271,
Q13162,P12956,0.017633390702171535,
Q13162,P13010,9.846971954514511e-05,
Q13162,P14314,0.014235941587459926,
Q13162,P15374,0.027814656917144808,
Q13162,P18859,0.0013126237173045033,
Q13162,P21281,0.02812990835540822,
Q13162,P23246,0.015927745085857776,
Q13162,P26022,2.007558772006058e-06,
Q13162,P26447,0.02387003295102275,
Q13162,P27816,0.018988195662108697,
Q13162,P30048,0.0026595915498931117,
Q13162,P30085,0.0017725520398442802,
Q13162,P35222,0.00025717155069131313,
Q13162,P36957,0.01460160241208066,
Q13162,P37837,0.0020135660713763016,
Q13162,P38606,0.017445662814250376,
Q13162,P40926,0.003612547152828487,
Q13162,P42765,0.004086350662357214,
Q13162,P45877,0.03703546255351151,
Q13162,P46379,0.003906475580620685,
Q13162,P48556,0.0012017056629348014,
Q13162,P49756,0.0030552441202190373,
Q13162,P52943,0.008885908513048248,
Q13162,P53621,0.00035648753758933655,
Q13162,P56192,0.009143030357301768,
Q13162,P61981,0.002231111135846267,
Q13162,P62249,0.0008905256224868559,
Q13162,P62328,0.029522099501925733,
Q13162,P62854,0.027364148863059067,
Q13162,P62888,5.8525570977378645e-05,
Q13162,P62906,0.0005133349104206004,
Q13162,P62913,0.0073191262259388766,
Q13162,P62917,0.026714888778407463,
Q13162,Q01995,0.022859735510947034,
Q13162,Q02218,0.007506359699205555,
Q13162,Q02818,0.056399148805410304,
Q13162,Q05682,0.0020954627799161635,
Q13162,Q07065,0.029370191299731244,
Q13162,Q07866,0.008930759863255087,
Q13162,Q07954,0.02105218167442151,
Q13162,Q13263,0.0022084372404400747,
Q13162,Q14011,0.011386922368534962,
Q13162,Q14444,0.0010493921842355959,
Q13162,Q15233,0.000744516895524993,
Q13162,Q15459,5.3764305389063656e-05,
Q13162,Q15843,0.03200472199046935,
Q13162,Q16629,0.032042402502794665,
Q13162,Q7Z417,0.0010440261474133556,
Q13162,Q96HC4,0.007880024970204574,
Q13162,Q96KR1,4.990369207495828e-05,
Q13162,Q96L92,0.0014363193929595403,
Q13162,Q9H0U4,0.02412278315736674,
Q13162,Q9HAV7,0.013065948758185307,
Q13162,Q9NQP4,0.01865490710591551,
Q13162,Q9NRX4,0.03294841434616641,
Q13162,Q9UHD8,0.012692813368081628,
Q13162,Q9UJZ1,0.017651871252037234,
Q13162,Q9UMS6,0.017932177075321687,
Q13162,Q9UNH7,0.023099652105284495,
Q13162,Q9Y3D6,0.00908997413183411,
Q13263,O15143,0.000893466678549467,
Q13263,O43617,0.00028166307299208203,
Q13263,O94925,0.002047020570005375,
Q13263,P00568,0.0023865822143707013,
Q13263,P02652,0.000971923020091453,
Q13263,P04179,0.011498084407004262,
Q13263,P05121,0.010216180665501498,
Q13263,P05976,0.030152730631648184,
Q13263,P06753,0.0008704124550851977,
Q13263,P07203,0.004616800703739755,
Q13263,P07339,0.0008156462944286519,
Q13263,P12956,0.003660769602102762,
Q13263,P13010,0.011787597625147282,
Q13263,P14314,0.010737996851213199,
Q13263,P15374,0.0115393790976295,
Q13263,P18859,0.02777246316115432,
Q13263,P21281,0.0008147892725885759,
Q13263,P23246,0.022172746209244466,
Q13263,P26022,0.013712684208675613,
Q13263,P26447,0.010123391206439932,
Q13263,P27816,0.027181258155138933,
Q13263,P30048,0.010009858672752931,
Q13263,P30085,0.0017282633631479436,
Q13263,P35222,0.0014174010688328754,
Q13263,P36957,0.012168967396270068,
Q13263,P37837,0.008690896865854158,
Q13263,P38606,0.010762293192963774,
Q13263,P40926,0.0033071258275075505,
Q13263,P42765,0.0024091112195419747,
Q13263,P45877,0.037919475628887,
Q13263,P46379,0.02152409875930774,
Q13263,P48556,0.01051454731707468,
Q13263,P49756,0.0005173221002813597,
Q13263,P52943,4.119170254940046e-05,
Q13263,P53621,0.0178633452248926,
Q13263,P56192,0.004032728944573458,
Q13263,P61981,0.010935323838523366,
Q13263,P62249,0.01393583330961225,
Q13263,P62328,0.0005623880818947701,
Q13263,P62854,0.010687561473517366,
Q13263,P62888,0.0187930912609629,
Q13263,P62906,0.00969207811623866,
Q13263,P62913,0.09756909471078577,
Q13263,P62917,8.381017794622114e-05,
Q13263,Q01995,0.00219652093371986,
Q13263,Q02218,0.025306379298206644,
Q13263,Q02818,0.0243859124633893,
Q13263,Q05682,0.001869465308399052,
Q13263,Q07065,0.009583504087289163,
Q13263,Q07866,0.010629591347344838,
Q13263,Q07954,0.001485411238399663,
Q13263,Q13162,0.003719656453075733,
Q13263,Q14011,0.0010298836983840356,
Q13263,Q14444,0.09225541769196116,
Q13263,Q15233,0.014403290713497625,
Q13263,Q15459,0.010036897686208114,
Q13263,Q15843,0.0437499922567458,
Q13263,Q16629,0.009577856330398274,
Q13263,Q7Z417,0.010166268369275087,
Q13263,Q96HC4,0.011035517052975435,
Q13263,Q96KR1,0.0015221027703013498,
Q13263,Q96L92,0.002983571630271673,
Q13263,Q9H0U4,0.013436021669161026,
Q13263,Q9HAV7,7.0237323629032e-05,
Q13263,Q9NQP4,1.0432695885429622e-05,
Q13263,Q9NRX4,0.010722611643617243,
Q13263,Q9UHD8,0.019031322384336365,
Q13263,Q9UJZ1,0.010281086186712222,
Q13263,Q9UMS6,0.0015228824854428202,
Q13263,Q9UNH7,0.10430893622397149,
Q13263,Q9Y3D6,0.04405654719367643,
Q14011,O15143,0.01265201035439182,
Q14011,O43617,0.046422883319126675,
Q14011,O94925,0.0008117074448841179,
Q14011,P00568,0.008421922376778766,
Q14011,P02652,0.006887979341294599,
Q14011,P04179,0.005210626699411287,
Q14011,P05121,0.003269803254569183,
Q14011,P05976,0.028013045616474594,
Q14011,P06753,0.019361754371399503,
Q14011,P07203,0.056821631670591705,
Q14011,P07339,0.017582866131330546,
Q14011,P12956,0.008666238882875894,
Q14011,P13010,0.007140728242692523,
Q14011,P14314,0.0032700038218849577,
Q14011,P15374,0.006020137893893402,
Q14011,P18859,0.005042142231984601,
Q14011,P21281,0.010743739471465577,
Q14011,P23246,0.0015704291341534964,
Q14011,P26022,0.004135410949866812,
Q14011,P26447,0.000983087758975018,
Q14011,P27816,0.03415819531215409,
Q14011,P30048,0.0038691438432368074,
Q14011,P30085,0.008134740955625884,
Q14011,P35222,0.003752184266067474,
Q14011,P36957,0.014714871171915202,
Q14011,P37837,0.05364353781943056,
Q14011,P38606,0.007287169986648609,
Q14011,P40926,0.00320548205707146,
Q14011,P42765,0.016810288550784307,
Q14011,P45877,0.002638782487166162,
Q14011,P46379,0.010067029384448017,
Q14011,P48556,0.004854294139829004,
Q14011,P49756,0.018535926563069204,
Q14011,P52943,0.019344209823412204,
Q14011,P53621,0.0008641455588296736,
Q14011,P56192,0.02357492300322839,
Q14011,P61981,0.02241329071143225,
Q14011,P62249,0.00042722264844308444,
Q14011,P62328,0.03635206876275888,
Q14011,P62854,0.007642325352084144,
Q14011,P62888,0.011774153871558278,
Q14011,P62906,0.007889605462680117,
Q14011,P62913,0.0023474681481484736,
Q14011,P62917,0.0031024214489663586,
Q14011,Q01995,0.0024418256418755734,
Q14011,Q02218,0.006954163719415537,
Q14011,Q02818,0.001896129345872789,
Q14011,Q05682,0.03297228939488454,
Q14011,Q07065,0.00948415184228564,
Q14011,Q07866,6.09962601054121e-05,
Q14011,Q07954,0.015640014167292774,
Q14011,Q13162,0.01661979946762221,
Q14011,Q13263,0.00752674994391789,
Q14011,Q14444,0.0039437251658916,
Q14011,Q15233,0.014426447550358911,
Q14011,Q15459,0.0013045215414058586,
Q14011,Q15843,0.014103996508423445,
Q14011,Q16629,0.005136762315676452,
Q14011,Q7Z417,0.00879871582888336,
Q14011,Q96HC4,0.0710145167551091,
Q14011,Q96KR1,0.005463355623907178,
Q14011,Q96L92,0.02825962623548357,
Q14011,Q9H0U4,0.024901614380260763,
Q14011,Q9HAV7,0.00944182248681125,
Q14011,Q9NQP4,0.05246744322979757,
Q14011,Q9NRX4,0.0034599452172416334,
Q14011,Q9UHD8,0.003155143900061562,
Q14011,Q9UJZ1,0.04697617611430721,
Q14011,Q9UMS6,0.03850275753138283,
Q14011,Q9UNH7,0.0011693679471689183,
Q14011,Q9Y3D6,0.0006659769853702941,
Q14444,O15143,0.004980559652296854,
Q14444,O43617,0.03662097106730396,
Q14444,O94925,0.005537751054235572,
Q14444,P00568,0.0038939620051567617,
Q14444,P02652,0.0007910996864046537,
Q14444,P04179,0.03813236544275935,
Q14444,P05121,0.004425037818171181,
Q14444,P05976,0.008217167556254361,
Q14444,P06753,0.022169384140763367,
Q14444,P07203,0.017417538951912205,
Q14444,P07339,0.02789374503563084,
Q14444,P12956,0.01009268059648756,
Q14444,P13010,0.01359572746861249,
Q14444,P14314,0.0041525517829217795,
Q14444,P15374,0.011047930017547234,
Q14444,P18859,0.061542048060472865,
Q14444,P21281,0.010830188235313934,
Q14444,P23246,0.0176793179217454,
Q14444,P26022,0.015932427819781724,
Q14444,P26447,0.020738943301956383,
Q14444,P27816,0.002861241388804039,
Q14444,P30048,0.044896973244941546,
Q14444,P30085,0.0201025731844103,
Q14444,P35222,0.003684980590258242,
Q14444,P36957,0.06935762887945421,
Q14444,P37837,0.003252207748799087,
Q14444,P38606,0.00457161191902125,
Q14444,P40926,7.3153817323431e-05,
Q14444,P42765,0.008244993616820647,
Q14444,P45877,0.0026198582235660395,
Q14444,P46379,0.09260543496262776,
Q14444,P48556,0.024847042716882203,
Q14444,P49756,0.0011657038017669561,
Q14444,P52943,0.005271636664975023,
Q14444,P53621,0.006874763961028867,
Q14444,P56192,0.00015943389118539838,
Q14444,P61981,0.008035608580162463,
Q14444,P62249,0.011806068731793807,
Q14444,P62328,9.99738857108498e-07,
Q14444,P62854,0.033041428635768415,
Q14444,P62888,0.036181157973808574,
Q14444,P62906,0.002729795492155592,
Q14444,P62913,0.00500781947162066,
Q14444,P62917,0.0008143278933737613,
Q14444,Q01995,0.007649516116154003,
Q14444,Q02218,0.011933348492973818,
Q14444,Q02818,0.016379226139785336,
Q14444,Q05682,0.006445460133166861,
Q14444,Q07065,0.007527745892824831,
Q14444,Q07866,0.009669554804881682,
Q14444,Q07954,0.02078122735538832,
Q14444,Q13162,0.0056590778068028496,
Q14444,Q13263,0.029328028173277454,
Q14444,Q14011,0.0004993916568852174,
Q14444,Q15233,0.005029738261321054,
Q14444,Q15459,0.005309822112139926,
Q14444,Q15843,0.026000065579324317,
Q14444,Q16629,0.006857771840130972,
Q14444,Q7Z417,0.005124917113686018,
Q14444,Q96HC4,0.007802648440467172,
Q14444,Q96KR1,0.0008103002305974786,
Q14444,Q96L92,0.00045997378616527526,
Q14444,Q9H0U4,0.008426779950783659,
Q14444,Q9HAV7,0.05892749431587905,
Q14444,Q9NQP4,0.00019320511511221124,
Q14444,Q9NRX4,0.0021817352176770363,
Q14444,Q9UHD8,0.0019023561033620882,
Q14444,Q9UJZ1,0.013952146177468283,
Q14444,Q9UMS6,0.0012833481079202475,
Q14444,Q9UNH7,0.00811342034304393,
Q14444,Q9Y3D6,0.0015277565216830701,
Q15233,O15143,0.009587598605572657,
Q15233,O43617,0.012137282750932933,
Q15233,O94925,0.0009569739941766205,
Q15233,P00568,0.00896876310436394,
Q15233,P02652,0.0009735054655757451,
Q15233,P04179,0.03283888914098417,
Q15233,P05121,0.033128054174538006,
Q15233,P05976,0.01756290401895357,
Q15233,P06753,0.017585609616257818,
Q15233,P07203,0.0033011569450942624,
Q15233,P07339,0.002142217608016425,
Q15233,P12956,0.04313697977371065,
Q15233,P13010,0.03189622208620189,
Q15233,P14314,0.0024301034267493263,
Q15233,P15374,0.0007270791156861903,
Q15233,P18859,0.026328700644006248,
Q15233,P21281,0.006873837405895535,
Q15233,P23246,0.013185783813328628,
Q15233,P26022,0.03624034739690783,
Q15233,P26447,0.010406329766637105,
Q15233,P27816,0.009263352777957982,
Q15233,P30048,0.00233283112479789,
Q15233,P30085,0.015135492674066517,
Q15233,P35222,0.0031579200955365485,
Q15233,P36957,0.025888635648813853,
Q15233,P37837,0.009970346480924427,
Q15233,P38606,0.00584993668081753,
Q15233,P40926,0.001115189245724317,
Q15233,P42765,0.0796046193800806,
Q15233,P45877,0.017244657385877965,
Q15233,P46379,0.03907645612047337,
Q15233,P48556,0.020117530376254765,
Q15233,P49756,0.00960059327417805,
Q15233,P52943,0.01688061484618932,
Q15233,P53621,0.01564161215434025,
Q15233,P56192,0.013504664440294757,
Q15233,P61981,0.0008485046604355718,
Q15233,P62249,0.016211741684548378,
Q15233,P62328,0.0017296286183464433,
Q15233,P62854,0.03445007716769874,
Q15233,P62888,0.04057765176401208,
Q15233,P62906,0.009484416654987919,
Q15233,P62913,0.03416810740870883,
Q15233,P62917,0.00023108704275257618,
Q15233,Q01995,0.007293500600365664,
Q15233,Q02218,0.009782223799500495,
Q15233,Q02818,0.03201536923096595,
Q15233,Q05682,0.0008542478827658782,
Q15233,Q07065,0.003439715847462459,
Q15233,Q07866,0.0035793346059304148,
Q15233,Q07954,0.004719181013851444,
Q15233,Q13162,0.0037520533520962094,
Q15233,Q13263,0.025799483614091383,
Q15233,Q14011,0.00034993343486811653,
Q15233,Q14444,0.051875872420218794,
Q15233,Q15459,0.0015008155717621196,
Q15233,Q15843,0.0019412742717816883,
Q15233,Q16629,0.0012633915093922918,
Q15233,Q7Z417,0.0003539338806277235,
Q15233,Q96HC4,0.0005420580884294153,
Q15233,Q96KR1,0.016122237670436735,
Q15233,Q96L92,0.008712313627401288,
Q15233,Q9H0U4,0.008621508141849282,
Q15233,Q9HAV7,0.018458960469572183,
Q15233,Q9NQP4,0.002911809234509308,
Q15233,Q9NRX4,0.0032880828751195063,
Q15233,Q9UHD8,0.018040421043711716,
Q15233,Q9UJZ1,0.0035453050286794988,
Q15233,Q9UMS6,0.008740727541388792,
Q15233,Q9UNH7,0.017939012095808764,
Q15233,Q9Y3D6,0.009110776904804468,
Q15459,O15143,0.00897849062297671,
Q15459,O43617,0.016151604622054515,
Q15459,O94925,0.02546546029950883,
Q15459,P00568,0.01013455610932533,
Q15459,P02652,0.04638340955851886,
Q15459,P04179,0.003912671325391952,
Q15459,P05121,0.010641098036324346,
Q15459,P05976,0.0011020212313857774,
Q15459,P06753,0.0019019972818076472,
Q15459,P07203,0.002978927540804058,
Q15459,P07339,0.009557960908904851,
Q15459,P12956,0.016852133413000164,
Q15459,P13010,0.0047572283181745376,
Q15459,P14314,0.0002315704797616618,
Q15459,P15374,2.261553059256999e-05,
Q15459,P18859,0.015031959149886363,
Q15459,P21281,0.011798103045506911,
Q15459,P23246,0.012239973751223394,
Q15459,P26022,0.0008003717653145627,
Q15459,P26447,0.004673067852943193,
Q15459,P27816,0.003596878367603999,
Q15459,P30048,0.0067083311001659325,
Q15459,P30085,0.008455404643697585,
Q15459,P35222,0.03728390253649904,
Q15459,P36957,4.9536813858168224e-05,
Q15459,P37837,0.015840636466030386,
Q15459,P38606,0.006705805354173142,
Q15459,P40926,0.05185657964632874,
Q15459,P42765,0.0652426249990453,
Q15459,P45877,0.0003021437161132239,
Q15459,P46379,0.003502424051562053,
Q15459,P48556,0.00978737963674049,
Q15459,P49756,0.00629997831236674,
Q15459,P52943,0.025750890055061558,
Q15459,P53621,0.02476912755314103,
Q15459,P56192,0.024589902332375697,
Q15459,P61981,0.015729111224589868,
Q15459,P62249,0.04923646288902574,
Q15459,P62328,0.030185306858891484,
Q15459,P62854,0.0030947836002173062,
Q15459,P62888,0.0018909140542772518,
Q15459,P62906,0.008938911017596264,
Q15459,P62913,0.008309752617567844,
Q15459,P62917,0.0007238249835432388,
Q15459,Q01995,0.0020862333494922514,
Q15459,Q02218,0.030029720853038292,
Q15459,Q02818,0.05831809685367646,
Q15459,Q05682,0.007771948164201535,
Q15459,Q07065,0.0016771890854349863,
Q15459,Q07866,0.0026208122551859264,
Q15459,Q07954,0.0028080989085231293,
Q15459,Q13162,0.00012706600533124034,
Q15459,Q13263,0.033791819239013726,
Q15459,Q14011,0.009719269143114023,
Q15459,Q14444,4.326236989370638e-05,
Q15459,Q15233,0.0028038050470576793,
Q15459,Q15843,0.0023619238981799915,
Q15459,Q16629,0.024392295220385853,
Q15459,Q7Z417,0.010635251387712237,
Q15459,Q96HC4,0.02067987258985637,
Q15459,Q96KR1,1.6073036169010847e-05,
Q15459,Q96L92,0.0019582783730232047,
Q15459,Q9H0U4,0.050009110862339126,
Q15459,Q9HAV7,0.00027367005828614425,
Q15459,Q9NQP4,0.007772406378748108,
Q15459,Q9NRX4,0.03728716212645174,
Q15459,Q9UHD8,0.03232892800152762,
Q15459,Q9UJZ1,0.000804105186823623,
Q15459,Q9UMS6,0.0016965599093894102,
Q15459,Q9UNH7,0.008450084152453803,
Q15459,Q9Y3D6,0.017466697572354056,
Q15843,O15143,0.0011688196963299529,
Q15843,O43617,0.04634652751121324,
Q15843,O94925,0.0020245885176936027,
Q15843,P00568,0.00037092550193459494,
Q15843,P02652,0.04553074577604146,
Q15843,P04179,0.018167549742242453,
Q15843,P05121,0.020229923265819415,
Q15843,P05976,0.010722508281872814,
Q15843,P06753,0.03575125703625778,
Q15843,P07203,0.0005042837462405597,
Q15843,P07339,0.010166203372479466,
Q15843,P12956,0.004955948784404363,
Q15843,P13010,0.027972078736235848,
Q15843,P14314,0.009698330552254835,
Q15843,P15374,0.02070897517331001,
Q15843,P18859,0.0009550193636345402,
Q15843,P21281,0.0002955233877002132,
Q15843,P23246,0.00897850778722965,
Q15843,P26022,0.011771928900578899,
Q15843,P26447,0.0009980770711783223,
Q15843,P27816,0.030308971385257698,
Q15843,P30048,0.010813596225802196,
Q15843,P30085,2.620609042873571e-05,
Q15843,P35222,0.002728358858825668,
Q15843,P36957,0.0502528446223213,
Q15843,P37837,0.009760592204687463,
Q15843,P38606,0.01076883067527933,
Q15843,P40926,0.010093351742672015,
Q15843,P42765,0.04015302821105334,
Q15843,P45877,0.011695006820707808,
Q15843,P46379,0.0016437351683500452,
Q15843,P48556,0.10258421685858876,
Q15843,P49756,0.0023197190322564497,
Q15843,P52943,0.007123701266497279,
Q15843,P53621,0.016456531226466422,
Q15843,P56192,0.010201163984133326,
Q15843,P61981,0.0005477443132508353,
Q15843,P62249,0.0018426788381366217,
Q15843,P62328,0.00047045713399407536,
Q15843,P62854,0.0007255413339320106,
Q15843,P62888,0.0010062841731145946,
Q15843,P62906,0.010571950109674742,
Q15843,P62913,0.0023701642955721624,
Q15843,P62917,0.0008963683120383913,
Q15843,Q01995,0.03524894844390829,
Q15843,Q02218,0.01026239178680422,
Q15843,Q02818,0.00014335617541998133,
Q15843,Q05682,0.010364117185806702,
Q15843,Q07065,0.011209511950594655,
Q15843,Q07866,0.010617644607587686,
Q15843,Q07954,0.09952550041408827,
Q15843,Q13162,0.010918793445573702,
Q15843,Q13263,0.0008219313218953522,
Q15843,Q14011,0.01011450064123134,
Q15843,Q14444,0.0026511208957004035,
Q15843,Q15233,0.0029945665011174498,
Q15843,Q15459,0.0004381210056566955,
Q15843,Q16629,0.010448016948902844,
Q15843,Q7Z417,0.0012576087952107292,
Q15843,Q96HC4,0.018375717118471798,
Q15843,Q96KR1,0.002681832105328415,
Q15843,Q96L92,0.04516053578526251,
Q15843,Q9H0U4,0.0011981033155703499,
Q15843,Q9HAV7,0.0005125172290149755,
Q15843,Q9NQP4,0.047389978929178914,
Q15843,Q9NRX4,0.000865722061150294,
Q15843,Q9UHD8,0.0004689044643063284,
Q15843,Q9UJZ1,0.0019162845253769848,
Q15843,Q9UMS6,0.028421321395827502,
Q15843,Q9UNH7,0.0005848593904615336,
Q15843,Q9Y3D6,0.0015442482240929196,
Q16629,O15143,0.04834755169436037,
Q16629,O43617,0.0008595055555461364,
Q16629,O94925,0.0020079709773970405,
Q16629,P00568,0.00043688264358302307,
Q16629,P02652,0.0004106387009821982,
Q16629,P04179,0.009855362510480437,
Q16629,P05121,0.0151775241269516,
Q16629,P05976,0.009213194416941836,
Q16629,P06753,0.017322622447697552,
Q16629,P07203,0.0005223090262863821,
Q16629,P07339,0.0040390481460961,
Q16629,P12956,0.009207188249806363,
Q16629,P13010,0.019596800896655834,
Q16629,P14314,0.009329021868872278,
Q16629,P15374,0.0010383827545642891,
Q16629,P18859,0.0096406206656719,
Q16629,P21281,0.009833588431585471,
Q16629,P23246,0.019323320683666566,
Q16629,P26022,0.018667109333624685,
Q16629,P26447,0.01997974759544736,
Q16629,P27816,0.0002508993211780756,
Q16629,P30048,0.00010433797344310164,
Q16629,P30085,0.020953490454258913,
Q16629,P35222,0.0014436124033240692,
Q16629,P36957,0.009225441177192898,
Q16629,P37837,0.016159658377176783,
Q16629,P38606,0.008297644908040214,
Q16629,P40926,0.06592634260109186,
Q16629,P42765,0.030813532602770817,
Q16629,P45877,0.02880505350456067,
Q16629,P46379,0.020251860707200864,
Q16629,P48556,0.013411528705924736,
Q16629,P49756,0.011145853591930122,
Q16629,P52943,0.012656647024974332,
Q16629,P53621,0.009290914264513575,
Q16629,P56192,0.009260512420057647,
Q16629,P61981,0.009571581158599778,
Q16629,P62249,0.04995284062856116,
Q16629,P62328,0.01729607464764664,
Q16629,P62854,0.028933121139155995,
Q16629,P62888,0.02006804598468299,
Q16629,P62906,0.01638134644451482,
Q16629,P62913,0.03838134767803038,
Q16629,P62917,0.00975582315917321,
Q16629,Q01995,0.11508824492939468,
Q16629,Q02218,0.0024296895129521743,
Q16629,Q02818,0.009742657890895241,
Q16629,Q05682,0.0002516755471282526,
Q16629,Q07065,0.04800254281159914,
Q16629,Q07866,0.0017736997939387963,
Q16629,Q07954,0.0007455081818810112,
Q16629,Q13162,0.009754530837109485,
Q16629,Q13263,0.0012204104533550626,
Q16629,Q14011,8.41278073506572e-05,
Q16629,Q14444,0.0001350129780049078,
Q16629,Q15233,0.00019662538350807628,
Q16629,Q15459,0.01904148674268334,
Q16629,Q15843,0.0008520416859077707,
Q16629,Q7Z417,0.009359074328271808,
Q16629,Q96HC4,0.00022966865694219307,
Q16629,Q96KR1,0.031347814677991,
Q16629,Q96L92,7.2357126508765e-06,
Q16629,Q9H0U4,0.011248782821424417,
Q16629,Q9HAV7,0.001185941742257234,
Q16629,Q9NQP4,0.01186744487212677,
Q16629,Q9NRX4,0.009781232573260596,
Q16629,Q9UHD8,0.02114314762594871,
Q16629,Q9UJZ1,0.0014025347773516427,
Q16629,Q9UMS6,0.00031848453760994306,
Q16629,Q9UNH7,0.0007532373938798441,
Q16629,Q9Y3D6,5.811385628456332e-05,
Q7Z417,O15143,0.009032700581403857,
Q7Z417,O43617,0.009464957284761868,
Q7Z417,O94925,0.00973786085671046,
Q7Z417,P00568,0.011262312044206855,
Q7Z417,P02652,0.021911094940351022,
Q7Z417,P04179,0.009879951594659634,
Q7Z417,P05121,0.021877290934045623,
Q7Z417,P05976,0.03674863013153391,
Q7Z417,P06753,0.007538283555660373,
Q7Z417,P07203,0.011236178311976175,
Q7Z417,P07339,0.0027507699694564675,
Q7Z417,P12956,0.0011971839036076285,
Q7Z417,P13010,0.012295524697627852,
Q7Z417,P14314,0.012487951896479256,
Q7Z417,P15374,0.020568961644258876,
Q7Z417,P18859,4.166608593155092e-10,
Q7Z417,P21281,0.015826196031765733,
Q7Z417,P23246,0.0006814516686112131,
Q7Z417,P26022,0.004024593865268315,
Q7Z417,P26447,0.0009504164418730817,
Q7Z417,P27816,0.00027344769632774846,
Q7Z417,P30048,0.011804239171179155,
Q7Z417,P30085,0.0026453944502863604,
Q7Z417,P35222,0.0167492367614122,
Q7Z417,P36957,0.0015923216593461353,
Q7Z417,P37837,0.0013707761763608922,
Q7Z417,P38606,0.017114524280992652,
Q7Z417,P40926,0.0009064504512887203,
Q7Z417,P42765,0.0009676964135589025,
Q7Z417,P45877,0.0023368551103810486,
Q7Z417,P46379,0.002309954871801255,
Q7Z417,P48556,0.01818588319418907,
Q7Z417,P49756,3.1010622854957897e-06,
Q7Z417,P52943,0.0004333067153666839,
Q7Z417,P53621,0.01974637087173602,
Q7Z417,P56192,0.003498874985448332,
Q7Z417,P61981,0.026969988179998326,
Q7Z417,P62249,0.01217124810705056,
Q7Z417,P62328,0.00037718195083525014,
Q7Z417,P62854,0.009224330236549864,
Q7Z417,P62888,0.006998142562760152,
Q7Z417,P62906,0.0033188203364047843,
Q7Z417,P62913,0.001331378731656085,
Q7Z417,P62917,0.0020558579225452792,
Q7Z417,Q01995,0.002595348624845063,
Q7Z417,Q02218,0.010729751563027488,
Q7Z417,Q02818,0.032066204448298705,
Q7Z417,Q05682,0.029104412720656735,
Q7Z417,Q07065,0.011228311759625059,
Q7Z417,Q07866,0.002266223708786271,
Q7Z417,Q07954,0.18537344076879067,
Q7Z417,Q13162,0.007331494030027893,
Q7Z417,Q13263,0.0026642926379031647,
Q7Z417,Q14011,0.0022668581638945508,
Q7Z417,Q14444,0.0038336536438619904,
Q7Z417,Q15233,0.00488263548328084,
Q7Z417,Q15459,0.009925759457269206,
Q7Z417,Q15843,0.20825081093553957,
Q7Z417,Q16629,0.003513279819142917,
Q7Z417,Q96HC4,0.010427489210332746,
Q7Z417,Q96KR1,0.011121173341745182,
Q7Z417,Q96L92,0.0015890579357502788,
Q7Z417,Q9H0U4,0.0006333817885381829,
Q7Z417,Q9HAV7,3.64376207114907e-06,
Q7Z417,Q9NQP4,0.0008464985316520322,
Q7Z417,Q9NRX4,0.0016442478596063496,
Q7Z417,Q9UHD8,0.008792335695746332,
Q7Z417,Q9UJZ1,0.0020381235503313974,
Q7Z417,Q9UMS6,0.0018006404866291346,
Q7Z417,Q9UNH7,0.05389397209892425,
Q7Z417,Q9Y3D6,0.008709805777433792,
Q96HC4,O15143,0.019598343981048774,
Q96HC4,O43617,0.003474743868162746,
Q96HC4,O94925,0.008487535071235439,
Q96HC4,P00568,0.0369366936536065,
Q96HC4,P02652,0.03498463493351242,
Q96HC4,P04179,0.01015733954239411,
Q96HC4,P05121,0.11259743974429545,
Q96HC4,P05976,0.008227917174857807,
Q96HC4,P06753,0.018839107135746994,
Q96HC4,P07203,0.0035038349768057443,
Q96HC4,P07339,0.011331905330553546,
Q96HC4,P12956,0.0021236551781281805,
Q96HC4,P13010,0.0017344564425728487,
Q96HC4,P14314,0.022218920569250438,
Q96HC4,P15374,0.006516085990117958,
Q96HC4,P18859,0.0031706796666361448,
Q96HC4,P21281,0.027051379343335978,
Q96HC4,P23246,0.007768224410050634,
Q96HC4,P26022,0.0019504962953140886,
Q96HC4,P26447,0.002760000646567366,
Q96HC4,P27816,0.009345833626239334,
Q96HC4,P30048,0.02217399729350436,
Q96HC4,P30085,0.0008286877677745662,
Q96HC4,P35222,0.011197051976635161,
Q96HC4,P36957,0.0019722674624877328,
Q96HC4,P37837,0.019557533158246397,
Q96HC4,P38606,0.01811403674111056,
Q96HC4,P40926,0.0015585248696606904,
Q96HC4,P42765,0.03981496904204135,
Q96HC4,P45877,0.08327139000741518,
Q96HC4,P46379,0.019828516367719054,
Q96HC4,P48556,0.07023109617785404,
Q96HC4,P49756,0.02109249475230849,
Q96HC4,P52943,4.296638817066292e-05,
Q96HC4,P53621,0.024501168316161025,
Q96HC4,P56192,0.01174600126548804,
Q96HC4,P61981,0.00038957053430415474,
Q96HC4,P62249,0.0004224175413981439,
Q96HC4,P62328,0.0022290533650159857,
Q96HC4,P62854,0.00587045526802114,
Q96HC4,P62888,0.0027193829670243185,
Q96HC4,P62906,0.01896282583938981,
Q96HC4,P62913,0.009115830483367575,
Q96HC4,P62917,0.0019207791401282975,
Q96HC4,Q01995,0.004592994890397764,
Q96HC4,Q02218,0.0005965224920765303,
Q96HC4,Q02818,0.002114463887639083,
Q96HC4,Q05682,0.0020775588547201863,
Q96HC4,Q07065,0.021278413657100707,
Q96HC4,Q07866,0.012206544698364656,
Q96HC4,Q07954,0.019380217036729725,
Q96HC4,Q13162,0.002690076545865369,
Q96HC4,Q13263,0.010975183971179603,
Q96HC4,Q14011,0.019970223174833105,
Q96HC4,Q14444,0.000703173091623869,
Q96HC4,Q15233,0.057826561161043434,
Q96HC4,Q15459,0.0037011129484722937,
Q96HC4,Q15843,0.008276689136107473,
Q96HC4,Q16629,0.007039284151445285,
Q96HC4,Q7Z417,0.0053301398507316885,
Q96HC4,Q96KR1,0.014804518560172506,
Q96HC4,Q96L92,0.0175242357937198,
Q96HC4,Q9H0U4,0.00449830010744908,
Q96HC4,Q9HAV7,0.0044373376603959215,
Q96HC4,Q9NQP4,0.004233577562494861,
Q96HC4,Q9NRX4,0.0018507996714176764,
Q96HC4,Q9UHD8,0.010200335012099833,
Q96HC4,Q9UJZ1,0.014728256613509516,
Q96HC4,Q9UMS6,0.002414863832045749,
Q96HC4,Q9UNH7,0.0014224173439148404,
Q96HC4,Q9Y3D6,0.0030747287885167273,
Q96KR1,O15143,1.933235538756325e-05,
Q96KR1,O43617,0.08539786959740812,
Q96KR1,O94925,0.029110827618088607,
Q96KR1,P00568,0.008145509675001054,
Q96KR1,P02652,0.037874267539021476,
Q96KR1,P04179,0.04785561850451486,
Q96KR1,P05121,0.010116814782970631,
Q96KR1,P05976,0.009526503573619553,
Q96KR1,P06753,0.0279708658682514,
Q96KR1,P07203,0.00024450846883693005,
Q96KR1,P07339,0.046525785935704694,
Q96KR1,P12956,0.008892640183903148,
Q96KR1,P13010,0.00959771112749103,
Q96KR1,P14314,0.0010583605298050923,
Q96KR1,P15374,0.018703792693376457,
Q96KR1,P18859,0.0009415833090000819,
Q96KR1,P21281,0.0007651728541086592,
Q96KR1,P23246,0.0010665482744528507,
Q96KR1,P26022,0.001104350571703653,
Q96KR1,P26447,0.0007842356253279217,
Q96KR1,P27816,0.010030232598797118,
Q96KR1,P30048,0.009478448605221469,
Q96KR1,P30085,0.00010278124186561473,
Q96KR1,P35222,0.0005658929484379993,
Q96KR1,P36957,0.029338641056692722,
Q96KR1,P37837,0.0005488526816436394,
Q96KR1,P38606,0.01105621648776364,
Q96KR1,P40926,0.000688757897274812,
Q96KR1,P42765,0.0005068449683201686,
Q96KR1,P45877,0.0006074725325226115,
Q96KR1,P46379,0.01880869983182388,
Q96KR1,P48556,0.03209963671269268,
Q96KR1,P49756,0.0005628251478932883,
Q96KR1,P52943,0.00047801751260468316,
Q96KR1,P53621,0.0002702000976616532,
Q96KR1,P56192,0.018755802944227268,
Q96KR1,P61981,0.02798671090252323,
Q96KR1,P62249,0.00036004114627147184,
Q96KR1,P62328,0.10341905606103005,
Q96KR1,P62854,0.012711397882218462,
Q96KR1,P62888,0.010208525523265885,
Q96KR1,P62906,1.7632226544515054e-05,
Q96KR1,P62913,0.009265453678557242,
Q96KR1,P62917,0.0007475954395165031,
Q96KR1,Q01995,0.01981646464097704,
Q96KR1,Q02218,0.017208498006510607,
Q96KR1,Q02818,0.022734729356695595,
Q96KR1,Q05682,0.019421246663882848,
Q96KR1,Q07065,0.00015901044289243078,
Q96KR1,Q07866,0.0006135618518179074,
Q96KR1,Q07954,0.0013589927930222475,
Q96KR1,Q13162,0.01111077209704011,
Q96KR1,Q13263,0.03084550140611463,
Q96KR1,Q14011,0.0004511902393724857,
Q96KR1,Q14444,0.013201215830480244,
Q96KR1,Q15233,0.0004679077779830267,
Q96KR1,Q15459,0.0012122429341802359,
Q96KR1,Q15843,0.06625574539683968,
Q96KR1,Q16629,0.0004925035013301658,
Q96KR1,Q7Z417,0.00048405867112120054,
Q96KR1,Q96HC4,0.0005417412243836544,
Q96KR1,Q96L92,0.019725047667360277,
Q96KR1,Q9H0U4,0.03803390401085975,
Q96KR1,Q9HAV7,0.00016403049355190755,
Q96KR1,Q9NQP4,0.029269485877584628,
Q96KR1,Q9NRX4,0.009341107550561906,
Q96KR1,Q9UHD8,0.0002556984082159455,
Q96KR1,Q9UJZ1,0.0009528803564843426,
Q96KR1,Q9UMS6,0.019236488458918295,
Q96KR1,Q9UNH7,0.004329844392724287,
Q96KR1,Q9Y3D6,0.027963842363709284,
Q96L92,O15143,0.004053071224394769,
Q96L92,O43617,0.020222778335675554,
Q96L92,O94925,0.016099532294339337,
Q96L92,P00568,0.00448602695422615,
Q96L92,P02652,0.03392538762052866,
Q96L92,P04179,0.01248821295359321,
Q96L92,P05121,0.15189880906689832,
Q96L92,P05976,0.018556315144010113,
Q96L92,P06753,0.0011156208994561728,
Q96L92,P07203,0.008858472168101554,
Q96L92,P07339,0.001997561264983674,
Q96L92,P12956,0.009077396863360086,
Q96L92,P13010,0.0099453565389253,
Q96L92,P14314,0.0011042972532774634,
Q96L92,P15374,0.004144409056164256,
Q96L92,P18859,0.006635761756572846,
Q96L92,P21281,0.0038503810735684265,
Q96L92,P23246,0.00037569222015444026,
Q96L92,P26022,0.010246998174049728,
Q96L92,P26447,0.01757316354929397,
Q96L92,P27816,0.00028350731885681,
Q96L92,P30048,0.0072410976519312956,
Q96L92,P30085,2.0634598766607144e-06,
Q96L92,P35222,0.021375160628053235,
Q96L92,P36957,0.026367196313073955,
Q96L92,P37837,7.255747087668073e-06,
Q96L92,P38606,0.008132998983542616,
Q96L92,P40926,0.007980594704435746,
Q96L92,P42765,0.051092640970288476,
Q96L92,P45877,0.019765049461290603,
Q96L92,P46379,0.011354154045070055,
Q96L92,P48556,0.035852178360152906,
Q96L92,P49756,0.015601973227171974,
Q96L92,P52943,0.015268658385567633,
Q96L92,P53621,0.02348707122541271,
Q96L92,P56192,0.001133257092563187,
Q96L92,P61981,2.1718813689621253e-06,
Q96L92,P62249,0.00026431502726779755,
Q96L92,P62328,0.0001245048713269056,
Q96L92,P62854,0.0011682845443255394,
Q96L92,P62888,0.0016714843207319293,
Q96L92,P62906,0.0025265424233422607,
Q96L92,P62913,0.01736469228660954,
Q96L92,P62917,0.0035290736603003914,
Q96L92,Q01995,0.0074899004580588156,
Q96L92,Q02218,0.0007667155883425299,
Q96L92,Q02818,0.004057152217344279,
Q96L92,Q05682,0.017439028232035487,
Q96L92,Q07065,0.04214774700213252,
Q96L92,Q07866,0.03768948059356726,
Q96L92,Q07954,0.01650322158376352,
Q96L92,Q13162,0.01484039669946313,
Q96L92,Q13263,0.0281791465713279,
Q96L92,Q14011,0.001471554109468795,
Q96L92,Q14444,0.03595613274135397,
Q96L92,Q15233,0.02909984424002476,
Q96L92,Q15459,0.016808241475581145,
Q96L92,Q15843,0.02031638780964289,
Q96L92,Q16629,0.0008119676763250345,
Q96L92,Q7Z417,0.018669102879382032,
Q96L92,Q96HC4,0.011524831924907877,
Q96L92,Q96KR1,0.012639632695657535,
Q96L92,Q9H0U4,0.009624128077107696,
Q96L92,Q9HAV7,0.01752136799147099,
Q96L92,Q9NQP4,0.0022301627140520813,
Q96L92,Q9NRX4,0.004363007130590199,
Q96L92,Q9UHD8,0.0031742567834289826,
Q96L92,Q9UJZ1,3.256422897464209e-05,
Q96L92,Q9UMS6,0.00959325980922412,
Q96L92,Q9UNH7,0.01149889399115352,
Q96L92,Q9Y3D6,0.01267856564243944,
Q9H0U4,O15143,0.0003819381034720372,
Q9H0U4,O43617,0.008339160917892439,
Q9H0U4,O94925,0.028505538995624205,
Q9H0U4,P00568,0.0003863166819119359,
Q9H0U4,P02652,0.0012363522710377003,
Q9H0U4,P04179,0.010993132136692514,
Q9H0U4,P05121,0.027795269886365936,
Q9H0U4,P05976,0.010040905163076248,
Q9H0U4,P06753,0.0017103341660373763,
Q9H0U4,P07203,0.002966599647147867,
Q9H0U4,P07339,0.00010515374939107554,
Q9H0U4,P12956,0.0015972108912591383,
Q9H0U4,P13010,0.010260740308469187,
Q9H0U4,P14314,0.00018362477176004136,
Q9H0U4,P15374,0.009434002523578296,
Q9H0U4,P18859,0.037441382333306426,
Q9H0U4,P21281,0.00016178241695025196,
Q9H0U4,P23246,0.01957628632682146,
Q9H0U4,P26022,0.025166281675063643,
Q9H0U4,P26447,0.020159389073553365,
Q9H0U4,P27816,0.005654240109792422,
Q9H0U4,P30048,0.00011389236768923843,
Q9H0U4,P30085,7.691383847105003e-08,
Q9H0U4,P35222,0.00021220124924823205,
Q9H0U4,P36957,0.018678178360448598,
Q9H0U4,P37837,0.009842315903308268,
Q9H0U4,P38606,0.0016640345149458921,
Q9H0U4,P40926,0.0012198558072808727,
Q9H0U4,P42765,0.055305433775692664,
Q9H0U4,P45877,0.04063080347597296,
Q9H0U4,P46379,0.026890226149969547,
Q9H0U4,P48556,0.03645772953717318,
Q9H0U4,P49756,0.001506462276616776,
Q9H0U4,P52943,0.028541810955850355,
Q9H0U4,P53621,0.056419844354860874,
Q9H0U4,P56192,0.017581661044748686,
Q9H0U4,P61981,9.052570228033449e-05,
Q9H0U4,P62249,0.06404734394116866,
Q9H0U4,P62328,0.0014340009986302956,
Q9H0U4,P62854,0.009569329478570691,
Q9H0U4,P62888,0.03688927225232856,
Q9H0U4,P62906,0.009248260594370013,
Q9H0U4,P62913,0.030891943400689303,
Q9H0U4,P62917,0.0008018414052092631,
Q9H0U4,Q01995,0.0007267481553042979,
Q9H0U4,Q02218,0.014739864009721992,
Q9H0U4,Q02818,0.020082187235432168,
Q9H0U4,Q05682,0.0009341900008033133,
Q9H0U4,Q07065,0.00911660765672368,
Q9H0U4,Q07866,0.00919795498181809,
Q9H0U4,Q07954,0.0012989754740221605,
Q9H0U4,Q13162,0.0013542756260127148,
Q9H0U4,Q13263,0.018810976854044526,
Q9H0U4,Q14011,0.0006357588670550593,
Q9H0U4,Q14444,0.03065345814355892,
Q9H0U4,Q15233,0.01877529398620277,
Q9H0U4,Q15459,0.017447675815928196,
Q9H0U4,Q15843,0.06907480765796732,
Q9H0U4,Q16629,0.020042949217727413,
Q9H0U4,Q7Z417,0.008728750958234912,
Q9H0U4,Q96HC4,0.0013988197384166487,
Q9H0U4,Q96KR1,0.0015021315182435682,
Q9H0U4,Q96L92,0.015830486693707863,
Q9H0U4,Q9HAV7,0.010139030104836083,
Q9H0U4,Q9NQP4,0.0016687975975261443,
Q9H0U4,Q9NRX4,0.004688669692218293,
Q9H0U4,Q9UHD8,0.00943736595624639,
Q9H0U4,Q9UJZ1,0.00026424318207942765,
Q9H0U4,Q9UMS6,0.0001426580769940338,
Q9H0U4,Q9UNH7,0.03086912950354595,
Q9H0U4,Q9Y3D6,0.0012220143550591646,
Q9HAV7,O15143,0.023015315115587683,
Q9HAV7,O43617,0.01190917596588171,
Q9HAV7,O94925,0.0002249883024895882,
Q9HAV7,P00568,0.018243139146921786,
Q9HAV7,P02652,0.11727721579124997,
Q9HAV7,P04179,0.0020374366479914995,
Q9HAV7,P05121,0.002268035369807879,
Q9HAV7,P05976,0.001829304558819017,
Q9HAV7,P06753,0.0013371617222948048,
Q9HAV7,P07203,0.009135518684704877,
Q9HAV7,P07339,0.0022212906538434255,
Q9HAV7,P12956,0.0007987205898294326,
Q9HAV7,P13010,0.0022441737431690653,
Q9HAV7,P14314,0.003098818636698383,
Q9HAV7,P15374,0.02162283217885531,
Q9HAV7,P18859,0.003296633743866391,
Q9HAV7,P21281,0.0,
Q9HAV7,P23246,6.470526277129249e-05,
Q9HAV7,P26022,0.002956991287580468,
Q9HAV7,P26447,0.00590387644749115,
Q9HAV7,P27816,0.001743556932416554,
Q9HAV7,P30048,0.0001507946615370696,
Q9HAV7,P30085,0.0100952008817822,
Q9HAV7,P35222,0.0029469853779713773,
Q9HAV7,P36957,0.0018652498848339535,
Q9HAV7,P37837,0.013639357143768278,
Q9HAV7,P38606,0.003497305703603525,
Q9HAV7,P40926,0.009468866668408848,
Q9HAV7,P42765,0.002687283050485375,
Q9HAV7,P45877,0.003180674177464178,
Q9HAV7,P46379,0.015409916987228463,
Q9HAV7,P48556,0.010574082972770042,
Q9HAV7,P49756,0.06814392725779014,
Q9HAV7,P52943,0.008587371968338036,
Q9HAV7,P53621,0.0017968548977243392,
Q9HAV7,P56192,0.008096483745703549,
Q9HAV7,P61981,0.039780791837432494,
Q9HAV7,P62249,0.014574587748530779,
Q9HAV7,P62328,0.017322259346135443,
Q9HAV7,P62854,0.0001632245957557523,
Q9HAV7,P62888,0.011742057724241669,
Q9HAV7,P62906,0.028597590860577993,
Q9HAV7,P62913,0.00946851304867101,
Q9HAV7,P62917,0.02218918390008089,
Q9HAV7,Q01995,0.0011665031437767927,
Q9HAV7,Q02218,0.006018975328111152,
Q9HAV7,Q02818,0.0009463404933791815,
Q9HAV7,Q05682,0.017172141675700314,
Q9HAV7,Q07065,0.0018738533056976898,
Q9HAV7,Q07866,7.591460317529662e-05,
Q9HAV7,Q07954,0.00697538015053455,
Q9HAV7,Q13162,0.005483644522264938,
Q9HAV7,Q13263,0.011334548388245316,
Q9HAV7,Q14011,0.10044519418114733,
Q9HAV7,Q14444,0.0009742595694658882,
Q9HAV7,Q15233,0.005565495965134049,
Q9HAV7,Q15459,0.026411775008714288,
Q9HAV7,Q15843,0.0013877238560758803,
Q9HAV7,Q16629,0.048139928653900196,
Q9HAV7,Q7Z417,0.002996563151887909,
Q9HAV7,Q96HC4,0.025328708835050753,
Q9HAV7,Q96KR1,0.05540212569704441,
Q9HAV7,Q96L92,0.01896903701182394,
Q9HAV7,Q9H0U4,0.004936220010853517,
Q9HAV7,Q9NQP4,0.009529810511843291,
Q9HAV7,Q9NRX4,0.02442561232120621,
Q9HAV7,Q9UHD8,0.026335165335829646,
Q9HAV7,Q9UJZ1,0.012715314958438912,
Q9HAV7,Q9UMS6,0.0006971447863205214,
Q9HAV7,Q9UNH7,0.0036159408758259137,
Q9HAV7,Q9Y3D6,0.043819490014094506,
Q9NQP4,O15143,0.0034737278378484467,
Q9NQP4,O43617,0.0032263619801575494,
Q9NQP4,O94925,0.008381469449099123,
Q9NQP4,P00568,0.020340823108798006,
Q9NQP4,P02652,0.049647937869867376,
Q9NQP4,P04179,0.0003050865455412467,
Q9NQP4,P05121,0.06276893622344,
Q9NQP4,P05976,0.012136997826967547,
Q9NQP4,P06753,0.0004080024149447366,
Q9NQP4,P07203,0.0013475403978536601,
Q9NQP4,P07339,4.187024524947074e-05,
Q9NQP4,P12956,0.0037280732057141373,
Q9NQP4,P13010,0.0021501611142928194,
Q9NQP4,P14314,0.002522256023856363,
Q9NQP4,P15374,0.0015528727629205094,
Q9NQP4,P18859,0.017331058091917487,
Q9NQP4,P21281,0.0010421398106883375,
Q9NQP4,P23246,0.0011018078944006126,
Q9NQP4,P26022,0.028093178101827168,
Q9NQP4,P26447,0.0008053062108383631,
Q9NQP4,P27816,0.036170486790952035,
Q9NQP4,P30048,0.001019702810103136,
Q9NQP4,P30085,0.011494108344295276,
Q9NQP4,P35222,0.0076249102229010105,
Q9NQP4,P36957,0.005383512881743574,
Q9NQP4,P37837,0.0022333831189600235,
Q9NQP4,P38606,0.004262733327455416,
Q9NQP4,P40926,0.007773547610072805,
Q9NQP4,P42765,0.0764367833637362,
Q9NQP4,P45877,0.03092221212496734,
Q9NQP4,P46379,0.017623365858843203,
Q9NQP4,P48556,0.03278948838530299,
Q9NQP4,P49756,9.802695865032094e-06,
Q9NQP4,P52943,0.005812974199683117,
Q9NQP4,P53621,0.04536123600836825,
Q9NQP4,P56192,0.009016161134549307,
Q9NQP4,P61981,0.004463998061283015,
Q9NQP4,P62249,0.028375900174630007,
Q9NQP4,P62328,0.008087426659928062,
Q9NQP4,P62854,0.018881562435279477,
Q9NQP4,P62888,0.007315140781601718,
Q9NQP4,P62906,0.01989627418836591,
Q9NQP4,P62913,0.02890649749980992,
Q9NQP4,P62917,0.01485213849233292,
Q9NQP4,Q01995,0.007524660457808936,
Q9NQP4,Q02218,0.03424002505682764,
Q9NQP4,Q02818,0.04952537889255739,
Q9NQP4,Q05682,0.005154846559340284,
Q9NQP4,Q07065,0.003593685559391665,
Q9NQP4,Q07866,0.012851451054378866,
Q9NQP4,Q07954,0.009523697862621933,
Q9NQP4,Q13162,0.0005228733527158292,
Q9NQP4,Q13263,0.03407403558253571,
Q9NQP4,Q14011,0.01188917443290143,
Q9NQP4,Q14444,0.029561274496567216,
Q9NQP4,Q15233,0.008910292555592643,
Q9NQP4,Q15459,0.00961926211905016,
Q9NQP4,Q15843,0.00024272673383630153,
Q9NQP4,Q16629,0.013902013237980383,
Q9NQP4,Q7Z417,0.0007593235270342037,
Q9NQP4,Q96HC4,0.015409190148977044,
Q9NQP4,Q96KR1,0.006838286979324207,
Q9NQP4,Q96L92,0.0032876552097162543,
Q9NQP4,Q9H0U4,0.00943378079813762,
Q9NQP4,Q9HAV7,0.012866489789422137,
Q9NQP4,Q9NRX4,0.00101200747905891,
Q9NQP4,Q9UHD8,0.031511356495803285,
Q9NQP4,Q9UJZ1,0.0007074639017390506,
Q9NQP4,Q9UMS6,0.0002810878599195187,
Q9NQP4,Q9UNH7,0.013900332549750948,
Q9NQP4,Q9Y3D6,0.025919579618139035,
Q9NRX4,O15143,0.0003123860004114261,
Q9NRX4,O43617,0.03906900974903377,
Q9NRX4,O94925,0.0018921807957825588,
Q9NRX4,P00568,0.0012132217089926406,
Q9NRX4,P02652,0.07199866143361665,
Q9NRX4,P04179,0.009788992562398662,
Q9NRX4,P05121,0.004131941265685567,
Q9NRX4,P05976,0.017671633819963336,
Q9NRX4,P06753,0.007881089511128054,
Q9NRX4,P07203,0.002718209201559825,
Q9NRX4,P07339,0.0186654299229215,
Q9NRX4,P12956,0.0,
Q9NRX4,P13010,0.000645008638943375,
Q9NRX4,P14314,0.004643731854802373,
Q9NRX4,P15374,0.009571706497238944,
Q9NRX4,P18859,0.013148524878378622,
Q9NRX4,P21281,0.010841517848865244,
Q9NRX4,P23246,0.011143692119815213,
Q9NRX4,P26022,0.005515516762581971,
Q9NRX4,P26447,0.006577612048775689,
Q9NRX4,P27816,0.0018423866088090482,
Q9NRX4,P30048,0.009896781109634023,
Q9NRX4,P30085,3.4449210747792795e-05,
Q9NRX4,P35222,0.0019271937064288627,
Q9NRX4,P36957,0.0006267518488053408,
Q9NRX4,P37837,0.015002421820294168,
Q9NRX4,P38606,0.01754793111277759,
Q9NRX4,P40926,0.013981848747522403,
Q9NRX4,P42765,0.010278578509192431,
Q9NRX4,P45877,0.006015106240871171,
Q9NRX4,P46379,0.01586306741016226,
Q9NRX4,P48556,0.008806563285650451,
Q9NRX4,P49756,0.009288452665845028,
Q9NRX4,P52943,0.010001178782259711,
Q9NRX4,P53621,0.0019540914635151167,
Q9NRX4,P56192,0.00799355770144,
Q9NRX4,P61981,0.009122515554246835,
Q9NRX4,P62249,0.000631689590453356,
Q9NRX4,P62328,0.01900203884712159,
Q9NRX4,P62854,0.0001733362301798516,
Q9NRX4,P62888,0.01189556903860544,
Q9NRX4,P62906,0.001001493267237688,
Q9NRX4,P62913,0.010732432146488,
Q9NRX4,P62917,0.007668382672793095,
Q9NRX4,Q01995,0.019745087337398704,
Q9NRX4,Q02218,0.04450488166597715,
Q9NRX4,Q02818,0.007958270581374233,
Q9NRX4,Q05682,0.00862479772689299,
Q9NRX4,Q07065,0.002509711045557452,
Q9NRX4,Q07866,0.004101526775011335,
Q9NRX4,Q07954,0.014855492232013868,
Q9NRX4,Q13162,0.005880776196216455,
Q9NRX4,Q13263,0.011449123223100086,
Q9NRX4,Q14011,0.06128112642514057,
Q9NRX4,Q14444,0.015838769437386636,
Q9NRX4,Q15233,0.0019790039771749326,
Q9NRX4,Q15459,0.010312638116821378,
Q9NRX4,Q15843,0.128893703812007,
Q9NRX4,Q16629,0.002522457037917653,
Q9NRX4,Q7Z417,0.008930626409292021,
Q9NRX4,Q96HC4,0.05049141893133818,
Q9NRX4,Q96KR1,0.032666183018913234,
Q9NRX4,Q96L92,0.0016144498483554798,
Q9NRX4,Q9H0U4,0.011670447423972179,
Q9NRX4,Q9HAV7,0.019205394568320423,
Q9NRX4,Q9NQP4,0.027433431226551997,
Q9NRX4,Q9UHD8,0.001906784524442375,
Q9NRX4,Q9UJZ1,0.0029744903071555646,
Q9NRX4,Q9UMS6,0.022415900464873375,
Q9NRX4,Q9UNH7,0.013401834713469077,
Q9NRX4,Q9Y3D6,0.03771392823218544,
Q9UHD8,O15143,0.015506347620359549,
Q9UHD8,O43617,0.0006894476472368358,
Q9UHD8,O94925,0.0004226671523634153,
Q9UHD8,P00568,0.016175980506647016,
Q9UHD8,P02652,0.04293961286898036,
Q9UHD8,P04179,0.007059858083444338,
Q9UHD8,P05121,0.006783126723418911,
Q9UHD8,P05976,0.017327281268586535,
Q9UHD8,P06753,0.0014050642696734129,
Q9UHD8,P07203,0.007939030132819967,
Q9UHD8,P07339,0.0033559367771217076,
Q9UHD8,P12956,6.16054498227527e-05,
Q9UHD8,P13010,0.001959023825336378,
Q9UHD8,P14314,0.0008499751621786045,
Q9UHD8,P15374,0.002414886373193758,
Q9UHD8,P18859,0.0015726185125798198,
Q9UHD8,P21281,6.945701657963286e-05,
Q9UHD8,P23246,0.026133604259130652,
Q9UHD8,P26022,0.06540465495560817,
Q9UHD8,P26447,0.010374268967241713,
Q9UHD8,P27816,0.02600265464137757,
Q9UHD8,P30048,0.0003116640484956241,
Q9UHD8,P30085,0.009471780325656497,
Q9UHD8,P35222,0.010076249840693472,
Q9UHD8,P36957,0.012834346098526232,
Q9UHD8,P37837,0.029393555657816033,
Q9UHD8,P38606,0.008605712783025127,
Q9UHD8,P40926,0.011190508800253587,
Q9UHD8,P42765,0.0031594452989902517,
Q9UHD8,P45877,0.004235750763522405,
Q9UHD8,P46379,0.008157165515706867,
Q9UHD8,P48556,0.006189950943379024,
Q9UHD8,P49756,0.04688329368418829,
Q9UHD8,P52943,2.512786468200221e-05,
Q9UHD8,P53621,0.003743022560675733,
Q9UHD8,P56192,0.001492105695347978,
Q9UHD8,P61981,0.02066716891356478,
Q9UHD8,P62249,0.0037814104279482253,
Q9UHD8,P62328,0.01166867779740043,
Q9UHD8,P62854,0.045311691385834456,
Q9UHD8,P62888,0.03941602865398634,
Q9UHD8,P62906,0.005356178572254713,
Q9UHD8,P62913,0.004549400630414601,
Q9UHD8,P62917,0.019531323039195102,
Q9UHD8,Q01995,0.014258987939727373,
Q9UHD8,Q02218,0.023395673363042612,
Q9UHD8,Q02818,0.030711061949219243,
Q9UHD8,Q05682,0.004112134552919825,
Q9UHD8,Q07065,0.007149110338850752,
Q9UHD8,Q07866,0.008776225420761515,
Q9UHD8,Q07954,0.02639535146921156,
Q9UHD8,Q13162,0.0122672582171147,
Q9UHD8,Q13263,0.002221122369208372,
Q9UHD8,Q14011,0.05232638959981905,
Q9UHD8,Q14444,0.010336527695436472,
Q9UHD8,Q15233,0.0012284107794294655,
Q9UHD8,Q15459,0.02246504467327656,
Q9UHD8,Q15843,0.005998144932102931,
Q9UHD8,Q16629,0.020646475733513223,
Q9UHD8,Q7Z417,0.009091362787453422,
Q9UHD8,Q96HC4,0.03381281638621341,
Q9UHD8,Q96KR1,0.018336354899409192,
Q9UHD8,Q96L92,0.005187476633898225,
Q9UHD8,Q9H0U4,0.0036855610996284153,
Q9UHD8,Q9HAV7,0.00047442820549526516,
Q9UHD8,Q9NQP4,0.009719378544617109,
Q9UHD8,Q9NRX4,0.0007251292083798292,
Q9UHD8,Q9UJZ1,0.05444174459681801,
Q9UHD8,Q9UMS6,0.018067705546595283,
Q9UHD8,Q9UNH7,0.0007787826978704186,
Q9UHD8,Q9Y3D6,0.009180028764794403,
Q9UJZ1,O15143,0.002163928300799477,
Q9UJZ1,O43617,0.012393050568778008,
Q9UJZ1,O94925,0.0015503105311385301,
Q9UJZ1,P00568,0.01195710368805309,
Q9UJZ1,P02652,0.014060744477019868,
Q9UJZ1,P04179,0.0058656693957592435,
Q9UJZ1,P05121,0.051365650905385696,
Q9UJZ1,P05976,0.01965367075345398,
Q9UJZ1,P06753,0.0015162427116101286,
Q9UJZ1,P07203,0.0009923931924988095,
Q9UJZ1,P07339,0.010012194498115919,
Q9UJZ1,P12956,0.039430057736346245,
Q9UJZ1,P13010,0.0013445738579402906,
Q9UJZ1,P14314,0.0023867338933178297,
Q9UJZ1,P15374,0.024931936394094335,
Q9UJZ1,P18859,0.0015106443638877088,
Q9UJZ1,P21281,0.003334385718532996,
Q9UJZ1,P23246,0.009401960793060488,
Q9UJZ1,P26022,0.0016929204205764997,
Q9UJZ1,P26447,0.016790502459035673,
Q9UJZ1,P27816,0.016927677290624787,
Q9UJZ1,P30048,0.012388699839021168,
Q9UJZ1,P30085,0.0036799028538630364,
Q9UJZ1,P35222,0.006742971781730104,
Q9UJZ1,P36957,0.018637568326947903,
Q9UJZ1,P37837,0.006063119904335647,
Q9UJZ1,P38606,0.0006624489614018194,
Q9UJZ1,P40926,9.225290702528996e-05,
Q9UJZ1,P42765,0.0319282650414587,
Q9UJZ1,P45877,0.09443626438398274,
Q9UJZ1,P46379,0.025946383360746263,
Q9UJZ1,P48556,0.008882903272379516,
Q9UJZ1,P49756,0.000929000657753935,
Q9UJZ1,P52943,0.0038591707906037516,
Q9UJZ1,P53621,0.017771352302366622,
Q9UJZ1,P56192,0.01378360249719544,
Q9UJZ1,P61981,0.0038158148929123264,
Q9UJZ1,P62249,0.00789074121192762,
Q9UJZ1,P62328,0.012304573735756615,
Q9UJZ1,P62854,0.0024853298004775437,
Q9UJZ1,P62888,0.00856163638116146,
Q9UJZ1,P62906,6.365409681606548e-05,
Q9UJZ1,P62913,0.09173559799936117,
Q9UJZ1,P62917,0.014793581539339766,
Q9UJZ1,Q01995,0.026082043900807643,
Q9UJZ1,Q02218,0.024148114564077807,
Q9UJZ1,Q02818,0.00670450750580441,
Q9UJZ1,Q05682,0.024124046978695645,
Q9UJZ1,Q07065,0.04856898344212964,
Q9UJZ1,Q07866,0.0028663612186249163,
Q9UJZ1,Q07954,0.011144677310395798,
Q9UJZ1,Q13162,0.011405638009789896,
Q9UJZ1,Q13263,0.008995228734897257,
Q9UJZ1,Q14011,0.009451084499464947,
Q9UJZ1,Q14444,0.018827618768558884,
Q9UJZ1,Q15233,0.034668379237508325,
Q9UJZ1,Q15459,2.6254816147314186e-06,
Q9UJZ1,Q15843,0.008031459610674767,
Q9UJZ1,Q16629,0.00039622075514812965,
Q9UJZ1,Q7Z417,0.002864224971084497,
Q9UJZ1,Q96HC4,0.0018287827796778652,
Q9UJZ1,Q96KR1,0.0026181143853060617,
Q9UJZ1,Q96L92,0.007355985634976887,
Q9UJZ1,Q9H0U4,0.001048500362940635,
Q9UJZ1,Q9HAV7,0.003991631752255873,
Q9UJZ1,Q9NQP4,0.013405917684969848,
Q9UJZ1,Q9NRX4,0.004603704685091152,
Q9UJZ1,Q9UHD8,0.003285905280880096,
Q9UJZ1,Q9UMS6,0.017949913903612315,
Q9UJZ1,Q9UNH7,0.041678856529996075,
Q9UJZ1,Q9Y3D6,0.026639425320708128,
Q9UMS6,O15143,0.0013681325832500752,
Q9UMS6,O43617,0.010819886778545056,
Q9UMS6,O94925,0.016451446299655434,
Q9UMS6,P00568,0.018509287943785632,
Q9UMS6,P02652,0.030872705998933155,
Q9UMS6,P04179,0.05668711163588996,
Q9UMS6,P05121,0.002388574420041513,
Q9UMS6,P05976,0.041764703123026076,
Q9UMS6,P06753,0.011372442753151602,
Q9UMS6,P07203,0.01798249871736086,
Q9UMS6,P07339,0.02010967144179333,
Q9UMS6,P12956,0.003912149873214212,
Q9UMS6,P13010,0.004137967831125483,
Q9UMS6,P14314,0.008763023710097743,
Q9UMS6,P15374,0.011244679269624518,
Q9UMS6,P18859,0.009391474240778233,
Q9UMS6,P21281,0.002249382451680768,
Q9UMS6,P23246,0.02127329657587383,
Q9UMS6,P26022,0.005681219829102322,
Q9UMS6,P26447,0.018950974962544265,
Q9UMS6,P27816,0.0025122681045609756,
Q9UMS6,P30048,0.002181420454631685,
Q9UMS6,P30085,0.0004859155971592756,
Q9UMS6,P35222,0.0003669188323585214,
Q9UMS6,P36957,0.07678727355500647,
Q9UMS6,P37837,0.00040378153851097456,
Q9UMS6,P38606,0.0024501711607877717,
Q9UMS6,P40926,0.002205738996647085,
Q9UMS6,P42765,0.0062261584571347475,
Q9UMS6,P45877,0.009930253187447825,
Q9UMS6,P46379,0.012353374557075546,
Q9UMS6,P48556,0.024976871759242326,
Q9UMS6,P49756,0.013318960426032457,
Q9UMS6,P52943,0.016400037477053972,
Q9UMS6,P53621,0.009591119891735419,
Q9UMS6,P56192,0.0018274808073789608,
Q9UMS6,P61981,0.010206713563637268,
Q9UMS6,P62249,0.012259612719049769,
Q9UMS6,P62328,0.003317809017086054,
Q9UMS6,P62854,0.015017396313484907,
Q9UMS6,P62888,0.004934803559789549,
Q9UMS6,P62906,0.011302340085910502,
Q9UMS6,P62913,0.0162414117622265,
Q9UMS6,P62917,0.016963323635361377,
Q9UMS6,Q01995,0.06533168985330938,
Q9UMS6,Q02218,0.0012304921352279837,
Q9UMS6,Q02818,6.380488777195485e-05,
Q9UMS6,Q05682,0.0029706992410109445,
Q9UMS6,Q07065,0.05583034859416717,
Q9UMS6,Q07866,0.012008894195967772,
Q9UMS6,Q07954,0.0010314708935283015,
Q9UMS6,Q13162,0.0001679605644625449,
Q9UMS6,Q13263,0.026104505339163583,
Q9UMS6,Q14011,0.009872684112478535,
Q9UMS6,Q14444,0.022596260370480115,
Q9UMS6,Q15233,0.0012670200372192294,
Q9UMS6,Q15459,0.002888471362725861,
Q9UMS6,Q15843,0.04217575567437981,
Q9UMS6,Q16629,0.011984333070896578,
Q9UMS6,Q7Z417,0.009306544698776899,
Q9UMS6,Q96HC4,0.0030549887688820125,
Q9UMS6,Q96KR1,0.012317392570955757,
Q9UMS6,Q96L92,0.010668394129152707,
Q9UMS6,Q9H0U4,0.0005039963001943388,
Q9UMS6,Q9HAV7,0.009968997548721523,
Q9UMS6,Q9NQP4,4.724798806105521e-05,
Q9UMS6,Q9NRX4,0.015494342589574711,
Q9UMS6,Q9UHD8,0.01949012538779964,
Q9UMS6,Q9UJZ1,0.016234929205181818,
Q9UMS6,Q9UNH7,0.007694701248629976,
Q9UMS6,Q9Y3D6,0.03259981511369117,
Q9UNH7,O15143,0.0011784483187718307,
Q9UNH7,O43617,0.016224051458776458,
Q9UNH7,O94925,0.0005202266222576055,
Q9UNH7,P00568,0.004275602526007026,
Q9UNH7,P02652,0.011114423871117511,
Q9UNH7,P04179,0.016647268678245217,
Q9UNH7,P05121,0.00289626361216651,
Q9UNH7,P05976,0.1081788207610208,
Q9UNH7,P06753,0.0009860731007468296,
Q9UNH7,P07203,0.014620505659819427,
Q9UNH7,P07339,0.028130134383440242,
Q9UNH7,P12956,0.002563134200311724,
Q9UNH7,P13010,0.011086432880075959,
Q9UNH7,P14314,0.02849736326406456,
Q9UNH7,P15374,0.019296572440906934,
Q9UNH7,P18859,0.008827120498441109,
Q9UNH7,P21281,0.0007626863917553929,
Q9UNH7,P23246,0.0008968247815033958,
Q9UNH7,P26022,0.005748985083855712,
Q9UNH7,P26447,0.007817506518731008,
Q9UNH7,P27816,0.006453438971732395,
Q9UNH7,P30048,0.00955754456472893,
Q9UNH7,P30085,0.009917444435935443,
Q9UNH7,P35222,0.003094378306687513,
Q9UNH7,P36957,0.02678231591897229,
Q9UNH7,P37837,0.00462721147228298,
Q9UNH7,P38606,0.0067733178870701405,
Q9UNH7,P40926,0.001053637590059562,
Q9UNH7,P42765,0.013443445692820258,
Q9UNH7,P45877,0.002164678134051324,
Q9UNH7,P46379,0.02074680492324074,
Q9UNH7,P48556,0.007470483737681214,
Q9UNH7,P49756,0.0025755702640741967,
Q9UNH7,P52943,0.0004892622832011828,
Q9UNH7,P53621,0.001199134972589114,
Q9UNH7,P56192,0.001501511069517164,
Q9UNH7,P61981,0.010349503801593243,
Q9UNH7,P62249,0.00941960188001042,
Q9UNH7,P62328,0.0008376975908661004,
Q9UNH7,P62854,0.0058259827843815185,
Q9UNH7,P62888,0.0005368691734066702,
Q9UNH7,P62906,0.0005680504705011371,
Q9UNH7,P62913,0.011271164482119077,
Q9UNH7,P62917,8.9807597258388e-05,
Q9UNH7,Q01995,0.05510643954687356,
Q9UNH7,Q02218,0.011630963158021717,
Q9UNH7,Q02818,0.012143362007323237,
Q9UNH7,Q05682,0.04477042621586742,
Q9UNH7,Q07065,0.010773480057012196,
Q9UNH7,Q07866,0.0010455399579699662,
Q9UNH7,Q07954,0.04670403280174193,
Q9UNH7,Q13162,0.0002792276811532292,
Q9UNH7,Q13263,0.012034962681937314,
Q9UNH7,Q14011,0.008877787898084357,
Q9UNH7,Q14444,0.01806768835484163,
Q9UNH7,Q15233,0.002438335619477913,
Q9UNH7,Q15459,0.0019086228554543096,
Q9UNH7,Q15843,0.10680021411042524,
Q9UNH7,Q16629,0.0020069781164946785,
Q9UNH7,Q7Z417,0.0038632487574544803,
Q9UNH7,Q96HC4,0.0030856867258490534,
Q9UNH7,Q96KR1,0.002464423891673806,
Q9UNH7,Q96L92,0.0005171056837620997,
Q9UNH7,Q9H0U4,0.001174956483702967,
Q9UNH7,Q9HAV7,0.00961073389440168,
Q9UNH7,Q9NQP4,0.00016527550855879275,
Q9UNH7,Q9NRX4,0.006889288075854383,
Q9UNH7,Q9UHD8,0.003115197943333531,
Q9UNH7,Q9UJZ1,0.0013357855483313707,
Q9UNH7,Q9UMS6,0.018931647874192884,
Q9UNH7,Q9Y3D6,0.12545466989665952,
Q9Y3D6,O15143,0.0071082527241472125,
Q9Y3D6,O43617,0.05007832136637079,
Q9Y3D6,O94925,0.018203872652569175,
Q9Y3D6,P00568,0.0012527580897462123,
Q9Y3D6,P02652,0.017541194781457867,
Q9Y3D6,P04179,0.024510054669963036,
Q9Y3D6,P05121,0.021073072086270038,
Q9Y3D6,P05976,0.009585548359228336,
Q9Y3D6,P06753,0.03768700954390121,
Q9Y3D6,P07203,0.0025642611455618347,
Q9Y3D6,P07339,0.0024873259316735338,
Q9Y3D6,P12956,0.02883997067135283,
Q9Y3D6,P13010,0.01806501711232709,
Q9Y3D6,P14314,0.003985585447868439,
Q9Y3D6,P15374,0.0061034418905766465,
Q9Y3D6,P18859,0.0024616097071418807,
Q9Y3D6,P21281,0.017282348253227896,
Q9Y3D6,P23246,0.009785878465117935,
Q9Y3D6,P26022,0.008943652269970815,
Q9Y3D6,P26447,0.0050593274770019915,
Q9Y3D6,P27816,0.002794153270147041,
Q9Y3D6,P30048,0.0010415865640275466,
Q9Y3D6,P30085,0.0009899537464020697,
Q9Y3D6,P35222,0.014914276004858429,
Q9Y3D6,P36957,0.017842768791112743,
Q9Y3D6,P37837,0.00044882205155972603,
Q9Y3D6,P38606,0.00035805383718924745,
Q9Y3D6,P40926,0.00011862077325611647,
Q9Y3D6,P42765,0.018036989429342076,
Q9Y3D6,P45877,0.014155900377620512,
Q9Y3D6,P46379,0.001078814766646892,
Q9Y3D6,P48556,0.008229847386685328,
Q9Y3D6,P49756,0.010328293017977242,
Q9Y3D6,P52943,0.011654470704200575,
Q9Y3D6,P53621,0.0020043240179620854,
Q9Y3D6,P56192,0.02771720706408024,
Q9Y3D6,P61981,0.0009241915365244915,
Q9Y3D6,P62249,0.0004911118783314882,
Q9Y3D6,P62328,0.019267523842501334,
Q9Y3D6,P62854,5.272763276725432e-05,
Q9Y3D6,P62888,0.0011472928801779443,
Q9Y3D6,P62906,0.0010975795313603722,
Q9Y3D6,P62913,6.391029544544426e-05,
Q9Y3D6,P62917,0.0002790916668157237,
Q9Y3D6,Q01995,0.01154986526556855,
Q9Y3D6,Q02218,0.01802118753581662,
Q9Y3D6,Q02818,0.01319604392664189,
Q9Y3D6,Q05682,0.026577483222468255,
Q9Y3D6,Q07065,0.009032021172023182,
Q9Y3D6,Q07866,0.0006285337442158151,
Q9Y3D6,Q07954,0.021574984596803605,
Q9Y3D6,Q13162,0.0046067555534967984,
Q9Y3D6,Q13263,0.024118626224572958,
Q9Y3D6,Q14011,0.003895264686257854,
Q9Y3D6,Q14444,0.01186547521155441,
Q9Y3D6,Q15233,0.029615327711832336,
Q9Y3D6,Q15459,0.00022934284170791767,
Q9Y3D6,Q15843,0.013083199547434168,
Q9Y3D6,Q16629,0.020259274891732335,
Q9Y3D6,Q7Z417,0.09770211021790719,
Q9Y3D6,Q96HC4,0.00983165881693557,
Q9Y3D6,Q96KR1,0.007579050269060595,
Q9Y3D6,Q96L92,0.06738226542403192,
Q9Y3D6,Q9H0U4,0.100936225845521,
Q9Y3D6,Q9HAV7,0.002179351453335507,
Q9Y3D6,Q9NQP4,0.00122549893764995,
Q9Y3D6,Q9NRX4,0.0122756048066874,
Q9Y3D6,Q9UHD8,0.0005039019236877298,
Q9Y3D6,Q9UJZ1,0.0012006857932341647,
Q9Y3D6,Q9UMS6,0.03413534619181126,
Q9Y3D6,Q9UNH7,0.0033757518539688555,
