Regulator,Target,Weight,Sign
O15143,O43617,0.04806871386915403,
O15143,O94925,0.009717279710544067,
O15143,P00568,0.02228370490389949,
O15143,P02652,0.01667814846607553,
O15143,P04179,0.0054778658629023366,
O15143,P05121,0.0029119258699263502,
O15143,P05976,0.03351117138836892,
O15143,P06753,0.04810877462674329,
O15143,P07203,0.0011646198330417974,
O15143,P07339,0.009780905262132279,
O15143,P12956,0.01843092585730637,
O15143,P13010,0.025827975545804866,
O15143,P14314,0.006686694364085942,
O15143,P15374,0.03571999553690337,
O15143,P18859,0.010588123228346548,
O15143,P21281,0.011038594169497172,
O15143,P23246,0.025351668135766735,
O15143,P26022,0.003509828328028648,
O15143,P26447,0.0021693531142295986,
O15143,P27816,0.025173644506444316,
O15143,P30048,0.0031462677365014387,
O15143,P30085,0.04418189282584998,
O15143,P35222,0.004653188728462136,
O15143,P36957,0.01410691851844107,
O15143,P37837,0.04774071518164003,
O15143,P38606,0.0011510355257124,
O15143,P40926,0.012105617584299799,
O15143,P42765,0.015282791720996917,
O15143,P45877,0.034778565273806836,
O15143,P46379,0.0022037611073748905,
O15143,P48556,0.001448048454179392,
O15143,P49756,0.0026076063260866878,
O15143,P52943,0.00663332867043502,
O15143,P53621,0.004142446052300953,
O15143,P56192,0.020741036569241946,
O15143,P61981,0.006074979050450391,
O15143,P62249,0.023697480703617987,
O15143,P62328,0.03923718711424044,
O15143,P62854,0.0010952519339416946,
O15143,P62888,0.00953437360043594,
O15143,P62906,0.008839232415385714,
O15143,P62913,0.0014408051421392132,
O15143,P62917,0.02743225106874198,
O15143,Q01995,8.01204810428287e-06,
O15143,Q02218,0.0032651360134387016,
O15143,Q02818,0.013480175541132672,
O15143,Q05682,0.04588738075432839,
O15143,Q07065,0.008860317864776573,
O15143,Q07866,0.012205136506149461,
O15143,Q07954,0.007866465410413323,
O15143,Q13162,0.020290837771975302,
O15143,Q13263,0.009902645587548862,
O15143,Q14011,0.0022812122147170604,
O15143,Q14444,0.014625876387427385,
O15143,Q15233,0.013284115146852604,
O15143,Q15459,0.00231247991350605,
O15143,Q15843,0.00917305792414615,
O15143,Q16629,0.00870944329093137,
O15143,Q7Z417,0.006839559626452801,
O15143,Q96HC4,0.0015639577036011404,
O15143,Q96KR1,0.0011743166151885133,
O15143,Q96L92,0.0017417167733491362,
O15143,Q9H0U4,0.028164806087395636,
O15143,Q9HAV7,0.014729746689204461,
O15143,Q9NQP4,0.0025926677645939926,
O15143,Q9NRX4,0.016521629904049536,
O15143,Q9UHD8,0.002355633286425947,
O15143,Q9UJZ1,0.02368136642370647,
O15143,Q9UMS6,0.00909810360864161,
O15143,Q9UNH7,0.022804429025149626,
O15143,Q9Y3D6,0.00011081589792474574,
O43617,O15143,0.016767642521136685,
O43617,O94925,0.009823317506593814,
O43617,P00568,0.010246343325183531,
O43617,P02652,0.003075605173231401,
O43617,P04179,0.03777516119641667,
O43617,P05121,0.01886390623531663,
O43617,P05976,0.010169860685882357,
O43617,P06753,0.004151803632064317,
O43617,P07203,0.02085014399717839,
O43617,P07339,0.00019620109691220248,
O43617,P12956,0.013727381820194404,
O43617,P13010,0.01938743417312573,
O43617,P14314,0.0103858519151709,
O43617,P15374,0.001375639665166084,
O43617,P18859,0.009325234672682049,
O43617,P21281,0.0018783263346710888,
O43617,P23246,0.021731446984396288,
O43617,P26022,0.017131285895624543,
O43617,P26447,0.025989087562340946,
O43617,P27816,0.0006977987314884561,
O43617,P30048,0.0008303889551359946,
O43617,P30085,0.008112681979499999,
O43617,P35222,0.00021072435859548376,
O43617,P36957,0.00014216985131907875,
O43617,P37837,0.006712890150611569,
O43617,P38606,0.020415803794455324,
O43617,P40926,0.023203842700082064,
O43617,P42765,0.0014345327264145568,
O43617,P45877,0.0033967032770358136,
O43617,P46379,0.1680220760415253,
O43617,P48556,0.016867711292276984,
O43617,P49756,0.0203717286700616,
O43617,P52943,0.010858011867919307,
O43617,P53621,0.008529124948210705,
O43617,P56192,0.001964359479060261,
O43617,P61981,0.016727539832512617,
O43617,P62249,0.025193110002298406,
O43617,P62328,0.007007075817879558,
O43617,P62854,0.0005986503406033169,
O43617,P62888,0.0012024128056927653,
O43617,P62906,0.001995693741060771,
O43617,P62913,0.011108081822325177,
O43617,P62917,0.009068140647654394,
O43617,Q01995,0.0017829949737623138,
O43617,Q02218,0.0010970218476770474,
O43617,Q02818,0.0012181972104654138,
O43617,Q05682,0.011847886092126331,
O43617,Q07065,0.016504078062382136,
O43617,Q07866,0.03764830938885516,
O43617,Q07954,0.0006389583647015513,
O43617,Q13162,0.04041415048650388,
O43617,Q13263,0.027573536353926884,
O43617,Q14011,0.0013682374003320685,
O43617,Q14444,0.01041663624025167,
O43617,Q15233,0.014486816607288027,
O43617,Q15459,0.021383358358147378,
O43617,Q15843,0.01905132941204886,
O43617,Q16629,0.0077012766260704055,
O43617,Q7Z417,0.010018265270043951,
O43617,Q96HC4,0.009402696371162691,
O43617,Q96KR1,0.0014651045036618018,
O43617,Q96L92,0.0020413944085291495,
O43617,Q9H0U4,0.012436244080493203,
O43617,Q9HAV7,0.07174097630581298,
O43617,Q9NQP4,0.0011592313311341357,
O43617,Q9NRX4,0.018568154198769272,
O43617,Q9UHD8,0.0015640333363481896,
O43617,Q9UJZ1,0.011512866197587885,
O43617,Q9UMS6,0.009518327522491021,
O43617,Q9UNH7,0.0002674824730308957,
O43617,Q9Y3D6,0.00038045826114784615,
O94925,O15143,0.02016958945789293,
O94925,O43617,0.028921961425832303,
O94925,P00568,0.005281779104730655,
O94925,P02652,0.010152800574149398,
O94925,P04179,0.01773010752443283,
O94925,P05121,0.001519520356521182,
O94925,P05976,0.018313827051825392,
O94925,P06753,9.219917421046343e-05,
O94925,P07203,0.01203675790130168,
O94925,P07339,0.002135281621455644,
O94925,P12956,0.01900053017321922,
O94925,P13010,0.018681018522401685,
O94925,P14314,0.0002154854779493433,
O94925,P15374,0.0004299261774898476,
O94925,P18859,0.018809714396966142,
O94925,P21281,0.0003051191714386078,
O94925,P23246,0.04189291728428138,
O94925,P26022,0.036687765158525246,
O94925,P26447,0.009353149299099356,
O94925,P27816,0.020320241234311448,
O94925,P30048,0.0193760668777911,
O94925,P30085,0.018607013517484103,
O94925,P35222,0.029954425122107445,
O94925,P36957,0.009267721661013433,
O94925,P37837,0.04696636793869874,
O94925,P38606,0.00013978708804153388,
O94925,P40926,0.009353473691102752,
O94925,P42765,0.0010173307073345448,
O94925,P45877,0.001228289315937414,
O94925,P46379,0.010863859292842922,
O94925,P48556,0.010428611285215557,
O94925,P49756,0.020607142963322035,
O94925,P52943,0.018495214323892246,
O94925,P53621,0.010355164075699372,
O94925,P56192,0.009276027290283647,
O94925,P61981,0.030177789967016522,
O94925,P62249,0.01911289437907284,
O94925,P62328,0.008495361169577165,
O94925,P62854,0.010974326290302046,
O94925,P62888,0.013451890721908343,
O94925,P62906,0.02828140768797455,
O94925,P62913,0.038024178249133504,
O94925,P62917,0.019304130957614445,
O94925,Q01995,0.0009506793889408655,
O94925,Q02218,0.00013890128504346168,
O94925,Q02818,0.0007744259336807135,
O94925,Q05682,2.0990189515849713e-05,
O94925,Q07065,0.0009229894553305496,
O94925,Q07866,0.012372439390486214,
O94925,Q07954,0.00896926133912304,
O94925,Q13162,0.0022737248603691904,
O94925,Q13263,0.037995197974121646,
O94925,Q14011,2.8019897976782144e-06,
O94925,Q14444,0.019441844401986697,
O94925,Q15233,0.010741507940491828,
O94925,Q15459,0.022061302496071092,
O94925,Q15843,0.001449383090081357,
O94925,Q16629,0.028598633014816698,
O94925,Q7Z417,0.022124423909494137,
O94925,Q96HC4,0.02874365071286333,
O94925,Q96KR1,1.2960881508269636e-05,
O94925,Q96L92,0.0005437267704188161,
O94925,Q9H0U4,0.02739306334596046,
O94925,Q9HAV7,0.018815040521412148,
O94925,Q9NQP4,0.0011931050485578087,
O94925,Q9NRX4,0.021855632976115542,
O94925,Q9UHD8,0.00019722952353734037,
O94925,Q9UJZ1,0.0004703709259445582,
O94925,Q9UMS6,0.01721702748474027,
O94925,Q9UNH7,0.000774094358422798,
O94925,Q9Y3D6,0.010373763311912839,
P00568,O15143,0.010049008526037894,
P00568,O43617,0.009479524133480669,
P00568,O94925,1.5238339343251631e-05,
P00568,P02652,0.058145574989253164,
P00568,P04179,0.007116812472127211,
P00568,P05121,0.012045328576814906,
P00568,P05976,0.016737892334435883,
P00568,P06753,0.0017894150601657035,
P00568,P07203,0.008072189190068222,
P00568,P07339,0.015866163797675092,
P00568,P12956,0.025710598668015353,
P00568,P13010,0.012032397585441838,
P00568,P14314,0.010954241949420887,
P00568,P15374,0.045777111986496456,
P00568,P18859,0.007583147437330771,
P00568,P21281,0.004514115819611398,
P00568,P23246,0.016585863690903705,
P00568,P26022,0.04554503262390039,
P00568,P26447,0.008307345146723686,
P00568,P27816,0.006273821899519125,
P00568,P30048,0.001911706447373411,
P00568,P30085,0.0021576513200728563,
P00568,P35222,0.000606527910326628,
P00568,P36957,0.006749126279335452,
P00568,P37837,0.05076805884362987,
P00568,P38606,0.004832820416555181,
P00568,P40926,0.0029253589384237414,
P00568,P42765,0.0005235587968396057,
P00568,P45877,0.0007576877497767462,
P00568,P46379,0.03348558961466926,
P00568,P48556,0.007673273474001407,
P00568,P49756,0.028857740893213413,
P00568,P52943,0.0012269909405318894,
P00568,P53621,0.011349509176299157,
P00568,P56192,0.016322199701825243,
P00568,P61981,0.00297052631546994,
P00568,P62249,0.010894193811512671,
P00568,P62328,0.002173882291876855,
P00568,P62854,0.009590179007182722,
P00568,P62888,0.06275716441094169,
P00568,P62906,0.011575504641317015,
P00568,P62913,0.019513476343009498,
P00568,P62917,0.025403510874326168,
P00568,Q01995,0.006646304718534409,
P00568,Q02218,0.004414542846153932,
P00568,Q02818,0.0001941224626389126,
P00568,Q05682,0.012224027795178245,
P00568,Q07065,0.025017504028340982,
P00568,Q07866,0.0011512426766962802,
P00568,Q07954,0.0017669843194995712,
P00568,Q13162,0.010296592155757027,
P00568,Q13263,0.047325964506482715,
P00568,Q14011,0.003814465099720789,
P00568,Q14444,0.0028592051429111387,
P00568,Q15233,0.008880545642675838,
P00568,Q15459,0.0021955199396755743,
P00568,Q15843,0.01736987447777052,
P00568,Q16629,0.00024174528357644786,
P00568,Q7Z417,0.05399787568517335,
P00568,Q96HC4,3.9702015528325515e-06,
P00568,Q96KR1,0.0038407032825337373,
P00568,Q96L92,0.0062933381898702175,
P00568,Q9H0U4,0.02070895677965461,
P00568,Q9HAV7,0.009665443323154159,
P00568,Q9NQP4,0.0019827459177038155,
P00568,Q9NRX4,0.000327045582636582,
P00568,Q9UHD8,0.021338905679730166,
P00568,Q9UJZ1,0.0018134232897861684,
P00568,Q9UMS6,3.6092636672890313e-06,
P00568,Q9UNH7,0.0024228314023193765,
P00568,Q9Y3D6,0.032715546843717615,
P02652,O15143,0.007094277261692344,
P02652,O43617,0.021711362059750345,
P02652,O94925,0.011854319908810888,
P02652,P00568,0.0025314489901320154,
P02652,P04179,0.018314591053104293,
P02652,P05121,0.016415868133971855,
P02652,P05976,0.002637985832231151,
P02652,P06753,0.010433261605129932,
P02652,P07203,0.0020019254167234217,
P02652,P07339,0.00010020595339551243,
P02652,P12956,0.017320158379698067,
P02652,P13010,0.025490524463641643,
P02652,P14314,0.023537889358841987,
P02652,P15374,0.003202539993861403,
P02652,P18859,0.000793556875489466,
P02652,P21281,0.009842806299940386,
P02652,P23246,0.04341683965695749,
P02652,P26022,0.007335667461702703,
P02652,P26447,0.014882882513275393,
P02652,P27816,0.03314192885347576,
P02652,P30048,0.012916288676817107,
P02652,P30085,0.02348871474518988,
P02652,P35222,0.016717863415563514,
P02652,P36957,0.009751838113684713,
P02652,P37837,0.010349033058243504,
P02652,P38606,0.007256814675291426,
P02652,P40926,0.011722981029381402,
P02652,P42765,0.008883329451249217,
P02652,P45877,0.012883140362045773,
P02652,P46379,0.008983562914211533,
P02652,P48556,0.0035876080178347675,
P02652,P49756,0.0013165160639354875,
P02652,P52943,0.015242940962323537,
P02652,P53621,0.035947002735246314,
P02652,P56192,0.04223169507965282,
P02652,P61981,0.008819938661799939,
P02652,P62249,0.010097472776096681,
P02652,P62328,0.00032445150813344663,
P02652,P62854,0.02616610820622622,
P02652,P62888,0.006825784457477026,
P02652,P62906,0.03883981109798186,
P02652,P62913,0.028061258655115297,
P02652,P62917,0.0005279412987480248,
P02652,Q01995,0.020581244847309256,
P02652,Q02218,0.0013406745235543674,
P02652,Q02818,0.013825695207140136,
P02652,Q05682,0.00557988569310455,
P02652,Q07065,0.00017731997489054164,
P02652,Q07866,0.012030668658044592,
P02652,Q07954,0.003003566347708007,
P02652,Q13162,0.017578711958402934,
P02652,Q13263,0.03637323039656184,
P02652,Q14011,0.0007723175363371162,
P02652,Q14444,0.055770870783009165,
P02652,Q15233,0.0020138596985501446,
P02652,Q15459,0.0008778003328286743,
P02652,Q15843,0.010796556060690552,
P02652,Q16629,0.010101426069196702,
P02652,Q7Z417,0.06421973065238251,
P02652,Q96HC4,0.01220968578124653,
P02652,Q96KR1,0.00046888518666611214,
P02652,Q96L92,0.008195903848003137,
P02652,Q9H0U4,0.00017012705185653275,
P02652,Q9HAV7,0.017626735816596337,
P02652,Q9NQP4,0.0017879329925664434,
P02652,Q9NRX4,0.008515829435301252,
P02652,Q9UHD8,0.03613615043037324,
P02652,Q9UJZ1,0.013114619312571817,
P02652,Q9UMS6,0.0007835240960709273,
P02652,Q9UNH7,0.011699513033748546,
P02652,Q9Y3D6,0.010679289791926677,
P04179,O15143,0.008729871662003612,
P04179,O43617,0.005303370445121089,
P04179,O94925,0.028455943103899956,
P04179,P00568,0.000713551672908787,
P04179,P02652,0.02354908436446101,
P04179,P05121,4.116111601216224e-06,
P04179,P05976,0.028426878912521377,
P04179,P06753,0.010128530339312793,
P04179,P07203,0.015470080439450008,
P04179,P07339,0.028410631888044068,
P04179,P12956,0.005397586632261614,
P04179,P13010,0.00032135802597639735,
P04179,P14314,0.002393334935233758,
P04179,P15374,0.00017322358184617846,
P04179,P18859,0.00826204428431917,
P04179,P21281,0.010146136619862104,
P04179,P23246,0.01014781605282986,
P04179,P26022,0.05324608360202886,
P04179,P26447,0.027562117647574328,
P04179,P27816,0.015608069992949994,
P04179,P30048,0.004014148883600981,
P04179,P30085,7.194156186337041e-05,
P04179,P35222,0.023498131935016327,
P04179,P36957,0.02680086040498951,
P04179,P37837,0.027165639163110038,
P04179,P38606,0.0027768660077725537,
P04179,P40926,0.008513520338084295,
P04179,P42765,0.03230740482146341,
P04179,P45877,0.032963790426321506,
P04179,P46379,0.0072530475194722025,
P04179,P48556,0.020193877784693726,
P04179,P49756,0.0022113872370426156,
P04179,P52943,0.003041660175288658,
P04179,P53621,0.009585981826157618,
P04179,P56192,0.011013716632726132,
P04179,P61981,0.0033969206496035627,
P04179,P62249,0.011429216904657544,
P04179,P62328,0.011918182074737651,
P04179,P62854,3.350444624271553e-05,
P04179,P62888,0.00013839841000155476,
P04179,P62906,0.017441966401844398,
P04179,P62913,0.010336236866094924,
P04179,P62917,0.020517695766781842,
P04179,Q01995,0.008106986818099408,
P04179,Q02218,0.046565277296440846,
P04179,Q02818,0.054471966611604576,
P04179,Q05682,0.017004008463216605,
P04179,Q07065,0.013279439908049894,
P04179,Q07866,0.008444550972334245,
P04179,Q07954,0.007328062783756831,
P04179,Q13162,0.01004307202984351,
P04179,Q13263,0.017071028515770227,
P04179,Q14011,0.0006944325937065094,
P04179,Q14444,0.0023689523620586224,
P04179,Q15233,0.01059511968299216,
P04179,Q15459,0.027595046034800532,
P04179,Q15843,0.008462549129488635,
P04179,Q16629,0.014483391825742648,
P04179,Q7Z417,0.019065325173739427,
P04179,Q96HC4,0.0009028276476943678,
P04179,Q96KR1,0.010317812455904296,
P04179,Q96L92,0.014521760609471177,
P04179,Q9H0U4,0.026822102616392972,
P04179,Q9HAV7,0.011986403052848782,
P04179,Q9NQP4,0.02301939673076148,
P04179,Q9NRX4,0.01842277032589023,
P04179,Q9UHD8,0.009363934071211711,
P04179,Q9UJZ1,0.007824162602697587,
P04179,Q9UMS6,0.0018273702224524291,
P04179,Q9UNH7,0.023215420716676503,
P04179,Q9Y3D6,0.017065674172845997,
P05121,O15143,0.0,
P05121,O43617,0.023165824373519675,
P05121,O94925,0.008188843859857057,
P05121,P00568,0.02092321138812454,
P05121,P02652,0.005833054901994249,
P05121,P04179,0.0390788584339002,
P05121,P05976,0.035151417177803575,
P05121,P06753,4.0877079796321144e-05,
P05121,P07203,0.027786553693232838,
P05121,P07339,0.005226901732884356,
P05121,P12956,0.0099398109453104,
P05121,P13010,0.01215755213771407,
P05121,P14314,0.007613872444520727,
P05121,P15374,0.0066548292429484505,
P05121,P18859,0.005483195422680192,
P05121,P21281,0.12445875185484889,
P05121,P23246,0.004396807030418774,
P05121,P26022,0.016796126130512262,
P05121,P26447,0.035052558460571544,
P05121,P27816,0.0036291464467722834,
P05121,P30048,0.0019049849206129036,
P05121,P30085,0.01105773481855973,
P05121,P35222,5.633120246355459e-05,
P05121,P36957,0.012160711796825617,
P05121,P37837,0.01562558863544537,
P05121,P38606,0.008313563024774324,
P05121,P40926,0.009070334667057329,
P05121,P42765,0.01859952006414467,
P05121,P45877,0.00930570500559514,
P05121,P46379,0.036294518495472564,
P05121,P48556,0.005672106841481685,
P05121,P49756,0.015771270958651218,
P05121,P52943,0.00134053353615779,
P05121,P53621,0.005197344310516862,
P05121,P56192,0.004400140509833886,
P05121,P61981,0.002881903846000745,
P05121,P62249,0.0015875138987758905,
P05121,P62328,0.004625997508234803,
P05121,P62854,0.046170599132002,
P05121,P62888,0.002794663074801112,
P05121,P62906,0.001972507750293114,
P05121,P62913,0.016589287915311734,
P05121,P62917,0.019588426175942617,
P05121,Q01995,0.00013546371477603938,
P05121,Q02218,0.013700508678234816,
P05121,Q02818,0.0010388904634180116,
P05121,Q05682,0.007373702530894212,
P05121,Q07065,0.00953349657594344,
P05121,Q07866,0.02657899000740215,
P05121,Q07954,0.00029511194937190333,
P05121,Q13162,0.11240223534698562,
P05121,Q13263,0.018542250360524367,
P05121,Q14011,0.005314499674286016,
P05121,Q14444,0.001983021775449038,
P05121,Q15233,0.010146957166676861,
P05121,Q15459,0.004274840219067496,
P05121,Q15843,0.0388472882089656,
P05121,Q16629,0.0008524654350780263,
P05121,Q7Z417,0.007172728314281078,
P05121,Q96HC4,0.0031801749014425595,
P05121,Q96KR1,0.0023986908038340403,
P05121,Q96L92,0.016572201961608603,
P05121,Q9H0U4,0.013702381829357404,
P05121,Q9HAV7,0.00034790234021094284,
P05121,Q9NQP4,0.008559176490302285,
P05121,Q9NRX4,0.005499008827738912,
P05121,Q9UHD8,0.00043476271270032806,
P05121,Q9UJZ1,0.0010465458130064565,
P05121,Q9UMS6,0.004581912997529117,
P05121,Q9UNH7,0.006742007424587768,
P05121,Q9Y3D6,0.03357123597386868,
P05976,O15143,0.007559807953707641,
P05976,O43617,0.019488662601132842,
P05976,O94925,3.300897891195015e-05,
P05976,P00568,0.008105686440189141,
P05976,P02652,0.01856859770132984,
P05976,P04179,0.008203527974812868,
P05976,P05121,0.02350074791143635,
P05976,P06753,0.00045466490239051086,
P05976,P07203,0.07277285837017636,
P05976,P07339,0.016831817862155957,
P05976,P12956,0.03198469876822619,
P05976,P13010,0.006138009388256409,
P05976,P14314,0.03345386246096548,
P05976,P15374,0.01034833027454057,
P05976,P18859,0.00011186009985799369,
P05976,P21281,0.013601848370194325,
P05976,P23246,0.016321294435936655,
P05976,P26022,0.0036978110027870484,
P05976,P26447,0.009161981168852798,
P05976,P27816,0.000141535372284787,
P05976,P30048,0.028151503528835043,
P05976,P30085,0.014682389666222083,
P05976,P35222,0.0012627594892650345,
P05976,P36957,0.0018079755305151532,
P05976,P37837,0.012540084207218933,
P05976,P38606,0.0014555482504350825,
P05976,P40926,0.017132088484110537,
P05976,P42765,0.00042950913051873185,
P05976,P45877,0.0010007868876133097,
P05976,P46379,5.430959541602246e-05,
P05976,P48556,0.02818676656754247,
P05976,P49756,0.00022338794268386475,
P05976,P52943,0.00013172107456738892,
P05976,P53621,0.0020442459936104895,
P05976,P56192,0.015235351831605305,
P05976,P61981,0.00042488839471789135,
P05976,P62249,0.018945765934055052,
P05976,P62328,0.016405313259481594,
P05976,P62854,0.009961131640114298,
P05976,P62888,1.9768695522348163e-07,
P05976,P62906,0.0001410442962855827,
P05976,P62913,0.0017938916338728433,
P05976,P62917,0.0014724599821975817,
P05976,Q01995,0.0006842521845000792,
P05976,Q02218,0.0541914998191667,
P05976,Q02818,0.0009213227857753824,
P05976,Q05682,2.0083343491782093e-05,
P05976,Q07065,0.1601890508697758,
P05976,Q07866,0.01701505937221387,
P05976,Q07954,0.010072582066215629,
P05976,Q13162,0.011347388206384592,
P05976,Q13263,0.005085451499170731,
P05976,Q14011,0.009721659590234058,
P05976,Q14444,0.004057420384906256,
P05976,Q15233,0.00019143032068381262,
P05976,Q15459,0.015264658187341877,
P05976,Q15843,0.022058720730246416,
P05976,Q16629,5.8667789302084886e-05,
P05976,Q7Z417,0.031030999264096432,
P05976,Q96HC4,0.005689628782884229,
P05976,Q96KR1,0.006703032123213146,
P05976,Q96L92,0.00958345333258159,
P05976,Q9H0U4,0.003346818594457816,
P05976,Q9HAV7,0.005638134929151637,
P05976,Q9NQP4,0.0005984885398610945,
P05976,Q9NRX4,5.033411335424932e-05,
P05976,Q9UHD8,0.004829726794268418,
P05976,Q9UJZ1,0.12006555043483516,
P05976,Q9UMS6,0.009684597231667988,
P05976,Q9UNH7,0.00797696791882277,
P05976,Q9Y3D6,0.009181952797866589,
P06753,O15143,0.0026810432315501082,
P06753,O43617,0.003115726273601013,
P06753,O94925,0.00714500469420096,
P06753,P00568,0.0004822529751634367,
P06753,P02652,0.012412908485608637,
P06753,P04179,0.002170335856949754,
P06753,P05121,0.005356067778994608,
P06753,P05976,3.949983391733497e-05,
P06753,P07203,0.038826779800395186,
P06753,P07339,0.030853001178694647,
P06753,P12956,0.030426511283031192,
P06753,P13010,0.00010988342711415451,
P06753,P14314,0.012462706214170654,
P06753,P15374,0.002953836273641558,
P06753,P18859,0.008013764250324747,
P06753,P21281,0.0004950548852926084,
P06753,P23246,0.01515503289730017,
P06753,P26022,0.0034736792833831905,
P06753,P26447,0.011291392003389442,
P06753,P27816,0.0037434800465377463,
P06753,P30048,0.010359385386440148,
P06753,P30085,0.015613891125244172,
P06753,P35222,0.0008709484726793089,
P06753,P36957,0.00039671968303625166,
P06753,P37837,0.01803120797511875,
P06753,P38606,0.009386961820334466,
P06753,P40926,0.007051964937842854,
P06753,P42765,0.011421003045481954,
P06753,P45877,0.0022765146724935,
P06753,P46379,0.005132168783140954,
P06753,P48556,0.008806664812965338,
P06753,P49756,0.008216699412530554,
P06753,P52943,0.006534081939456592,
P06753,P53621,0.005252517890494056,
P06753,P56192,0.002762368768057415,
P06753,P61981,0.002559920279428967,
P06753,P62249,0.0146311199896822,
P06753,P62328,0.01755646618622458,
P06753,P62854,0.029400131336283077,
P06753,P62888,0.004417285571117315,
P06753,P62906,0.006649311999311371,
P06753,P62913,0.006221400377482441,
P06753,P62917,0.01834890469648097,
P06753,Q01995,0.011772826557928731,
P06753,Q02218,0.03036133985234098,
P06753,Q02818,0.0021242214973805768,
P06753,Q05682,0.01716089021576199,
P06753,Q07065,0.09025591713238436,
P06753,Q07866,0.028880103651345596,
P06753,Q07954,0.03488549871066501,
P06753,Q13162,0.09706303759797445,
P06753,Q13263,0.010966658849962984,
P06753,Q14011,1.9582214712720968e-05,
P06753,Q14444,0.008510828833319401,
P06753,Q15233,0.0036529189814139716,
P06753,Q15459,0.015195158897449993,
P06753,Q15843,0.008856782698041367,
P06753,Q16629,0.00033922160033100345,
P06753,Q7Z417,0.002620223025272068,
P06753,Q96HC4,0.015117689321781735,
P06753,Q96KR1,0.00016139305943502932,
P06753,Q96L92,0.03096658603986298,
P06753,Q9H0U4,0.01461354264547187,
P06753,Q9HAV7,0.00018168193107171666,
P06753,Q9NQP4,0.0014089521946494218,
P06753,Q9NRX4,0.0005436135330955509,
P06753,Q9UHD8,0.018553174472080883,
P06753,Q9UJZ1,0.13758810762903678,
P06753,Q9UMS6,0.0008024511387057349,
P06753,Q9UNH7,0.0036430007810936606,
P06753,Q9Y3D6,0.006926373217395558,
P07203,O15143,0.013632494991508395,
P07203,O43617,0.006872775661243815,
P07203,O94925,0.005515698192773644,
P07203,P00568,0.035947016407798495,
P07203,P02652,0.015699999054641544,
P07203,P04179,0.015414218580469674,
P07203,P05121,0.014150146443223958,
P07203,P05976,0.005769037808399234,
P07203,P06753,0.01770126179607631,
P07203,P07339,0.0015913442938067135,
P07203,P12956,0.007586007071674835,
P07203,P13010,0.01019417418865657,
P07203,P14314,0.0004938165073925017,
P07203,P15374,0.022675795952318736,
P07203,P18859,0.00253192458785659,
P07203,P21281,0.015930787664991987,
P07203,P23246,0.016299093047074335,
P07203,P26022,0.006339274747354712,
P07203,P26447,0.007624952442808423,
P07203,P27816,0.0029102748452206222,
P07203,P30048,0.001450424785937057,
P07203,P30085,0.0020533911488685623,
P07203,P35222,0.005247554542172496,
P07203,P36957,0.0008242348668969879,
P07203,P37837,0.015872427556145006,
P07203,P38606,0.02716626158718616,
P07203,P40926,0.00467639224570625,
P07203,P42765,0.07178568357068701,
P07203,P45877,0.009602288817267678,
P07203,P46379,0.002365834058542431,
P07203,P48556,0.00763724778251594,
P07203,P49756,0.00018563746930471458,
P07203,P52943,0.002767160273015573,
P07203,P53621,0.017831492490820784,
P07203,P56192,0.0011955281283843825,
P07203,P61981,0.0006436212877431359,
P07203,P62249,0.0009864755086531134,
P07203,P62328,0.006739572533821743,
P07203,P62854,0.000869140457373528,
P07203,P62888,0.009109959368698257,
P07203,P62906,0.001743164439959916,
P07203,P62913,0.0007330562150248311,
P07203,P62917,0.021937092051330626,
P07203,Q01995,0.008475990980934772,
P07203,Q02218,0.05918905175047762,
P07203,Q02818,0.021647047809611207,
P07203,Q05682,0.01827472938079322,
P07203,Q07065,0.0083482147986036,
P07203,Q07866,0.011583640070547532,
P07203,Q07954,0.0034570208741210723,
P07203,Q13162,0.06483650218807928,
P07203,Q13263,4.753640147935914e-05,
P07203,Q14011,0.024956994314060257,
P07203,Q14444,0.004029958069437437,
P07203,Q15233,0.006536956465359098,
P07203,Q15459,0.0017556743552112884,
P07203,Q15843,0.008212150210154819,
P07203,Q16629,0.010554164223319331,
P07203,Q7Z417,0.013792827494522299,
P07203,Q96HC4,9.35201436801533e-05,
P07203,Q96KR1,0.01824926201779911,
P07203,Q96L92,0.0026600371127782057,
P07203,Q9H0U4,0.0019625157247417043,
P07203,Q9HAV7,0.002079790447857283,
P07203,Q9NQP4,0.025259969334479594,
P07203,Q9NRX4,0.01255232480683216,
P07203,Q9UHD8,0.0081784691774465,
P07203,Q9UJZ1,0.021053294167081037,
P07203,Q9UMS6,0.017133001941805365,
P07203,Q9UNH7,0.012833082161339911,
P07203,Q9Y3D6,0.02315404351728732,
P07339,O15143,0.05291287936214493,
P07339,O43617,0.026425845679997735,
P07339,O94925,0.010905664119674589,
P07339,P00568,0.0003051236656223047,
P07339,P02652,0.008071983102106862,
P07339,P04179,0.01075412051007926,
P07339,P05121,0.00030147606753414463,
P07339,P05976,0.0010359318394836886,
P07339,P06753,0.003345316457720049,
P07339,P07203,0.0034866166161123414,
P07339,P12956,9.454555401011977e-05,
P07339,P13010,0.001934802488071403,
P07339,P14314,0.00889697471601591,
P07339,P15374,0.0011317752064617464,
P07339,P18859,0.007896034795409707,
P07339,P21281,0.024152449681236438,
P07339,P23246,0.010783953257272593,
P07339,P26022,0.001212476596369391,
P07339,P26447,0.00026950426620791145,
P07339,P27816,0.0036998669081447656,
P07339,P30048,0.016965939158208765,
P07339,P30085,0.00855328748543548,
P07339,P35222,0.017225633904602577,
P07339,P36957,0.0009260511181327316,
P07339,P37837,0.00023668198631057215,
P07339,P38606,0.0019616051454717704,
P07339,P40926,0.0023136752681539637,
P07339,P42765,0.010378781076235962,
P07339,P45877,0.011010862429818684,
P07339,P46379,0.016855977391713014,
P07339,P48556,0.0007938523161453052,
P07339,P49756,0.009130677462514872,
P07339,P52943,0.00023778241096448282,
P07339,P53621,0.002679475089652708,
P07339,P56192,0.04060752617396547,
P07339,P61981,0.0052456320105260705,
P07339,P62249,0.007645018910357731,
P07339,P62328,0.0132522916225444,
P07339,P62854,0.2626723349366779,
P07339,P62888,0.0028666177646693718,
P07339,P62906,0.00714321222361823,
P07339,P62913,0.019872723058916384,
P07339,P62917,0.006411030178129384,
P07339,Q01995,0.014438674565650154,
P07339,Q02218,0.013635770309076953,
P07339,Q02818,0.0014994868900028134,
P07339,Q05682,0.0004356128784399033,
P07339,Q07065,0.00013026908328313397,
P07339,Q07866,5.5617273481744296e-05,
P07339,Q07954,0.011483250775669885,
P07339,Q13162,0.010990259023244079,
P07339,Q13263,0.019553994939360414,
P07339,Q14011,0.001052797240453842,
P07339,Q14444,0.0016349365111768945,
P07339,Q15233,0.009685002979776477,
P07339,Q15459,0.018869677003511286,
P07339,Q15843,0.01746634318360005,
P07339,Q16629,0.0011918698876536547,
P07339,Q7Z417,0.008179174360222351,
P07339,Q96HC4,0.01004260639267491,
P07339,Q96KR1,0.0007400075156118839,
P07339,Q96L92,0.00465056717366635,
P07339,Q9H0U4,0.001517714542570539,
P07339,Q9HAV7,0.01620632001859209,
P07339,Q9NQP4,0.010077824190045085,
P07339,Q9NRX4,0.0010362313300499063,
P07339,Q9UHD8,0.00932520412131893,
P07339,Q9UJZ1,0.014796316608481528,
P07339,Q9UMS6,0.045055152692468806,
P07339,Q9UNH7,0.08747198861584723,
P07339,Q9Y3D6,0.011098204210439845,
P12956,O15143,0.010095458427662298,
P12956,O43617,0.009698952380490386,
P12956,O94925,0.03866404227146671,
P12956,P00568,0.0009214856441341336,
P12956,P02652,0.000653153399096595,
P12956,P04179,0.01959041781404307,
P12956,P05121,0.019166527604316523,
P12956,P05976,0.009427158635827328,
P12956,P06753,0.010785631354905267,
P12956,P07203,0.0002280523041631916,
P12956,P07339,0.001420118758143914,
P12956,P13010,0.01202010402127998,
P12956,P14314,0.0002176354447294151,
P12956,P15374,0.010635293601997548,
P12956,P18859,0.02901408384379266,
P12956,P21281,0.0006520054595620554,
P12956,P23246,0.01986859023567666,
P12956,P26022,0.03820388048743473,
P12956,P26447,0.029431128235918046,
P12956,P27816,0.019642219044193294,
P12956,P30048,0.03783210412108001,
P12956,P30085,0.00028499086533276854,
P12956,P35222,0.011241483295864073,
P12956,P36957,0.029605012015046794,
P12956,P37837,0.019247201455579857,
P12956,P38606,0.00010407154695683455,
P12956,P40926,0.0004515542746129351,
P12956,P42765,8.538695452870297e-05,
P12956,P45877,0.019713456444652003,
P12956,P46379,0.0575398197474989,
P12956,P48556,0.040481773870321834,
P12956,P49756,0.0009494160281593376,
P12956,P52943,0.019223328764836047,
P12956,P53621,0.009724946855403031,
P12956,P56192,0.00046215376180710517,
P12956,P61981,0.0003197392899107664,
P12956,P62249,0.00132607745039736,
P12956,P62328,0.009652221323242146,
P12956,P62854,7.056850222317118e-05,
P12956,P62888,0.01180125093042939,
P12956,P62906,0.01949064408676392,
P12956,P62913,0.02973978012569249,
P12956,P62917,0.0193886241276966,
P12956,Q01995,0.009368219337320061,
P12956,Q02218,0.0003956938218264016,
P12956,Q02818,0.020493088885864996,
P12956,Q05682,5.784636796285051e-05,
P12956,Q07065,0.02938090190120243,
P12956,Q07866,0.028605951562830488,
P12956,Q07954,0.0009917840837121614,
P12956,Q13162,0.00044511778904193777,
P12956,Q13263,0.001104241894446931,
P12956,Q14011,0.0008055398349715022,
P12956,Q14444,0.029520630516139977,
P12956,Q15233,0.029335401786961326,
P12956,Q15459,0.028590632328523283,
P12956,Q15843,0.011206810457318852,
P12956,Q16629,0.009606170662582191,
P12956,Q7Z417,0.010140688660581043,
P12956,Q96HC4,0.010491419115551702,
P12956,Q96KR1,0.009731826914609417,
P12956,Q96L92,0.0004777204608858131,
P12956,Q9H0U4,0.020199921928634755,
P12956,Q9HAV7,0.009910247928664967,
P12956,Q9NQP4,0.020019381937322174,
P12956,Q9NRX4,0.029767302212208472,
P12956,Q9UHD8,0.029723897093445088,
P12956,Q9UJZ1,0.0007828765780650242,
P12956,Q9UMS6,6.890710493749107e-05,
P12956,Q9UNH7,0.00036181198059278695,
P12956,Q9Y3D6,0.009802277179468917,
P13010,O15143,0.011807914752293074,
P13010,O43617,0.010487353596764169,
P13010,O94925,0.04017046698148409,
P13010,P00568,0.002304616764687341,
P13010,P02652,0.0013023206631908068,
P13010,P04179,0.020520099817745094,
P13010,P05121,0.0020092019536943825,
P13010,P05976,0.005913083522928246,
P13010,P06753,0.002388576644484558,
P13010,P07203,0.008099671565289185,
P13010,P07339,0.01048764100312208,
P13010,P12956,0.03524967515745262,
P13010,P14314,0.0011430220741324507,
P13010,P15374,0.011622317402401529,
P13010,P18859,0.002539902948164895,
P13010,P21281,0.001437557564397827,
P13010,P23246,0.0009272472169757728,
P13010,P26022,0.0004574130165808151,
P13010,P26447,0.1308779139297262,
P13010,P27816,0.020069059137082155,
P13010,P30048,0.004137174964610678,
P13010,P30085,0.0022076761990428447,
P13010,P35222,0.027545977455079883,
P13010,P36957,0.0016589742945935899,
P13010,P37837,0.019353322999149724,
P13010,P38606,0.009683086515670937,
P13010,P40926,0.009561647528887347,
P13010,P42765,0.0009889456716487698,
P13010,P45877,0.0200621863556538,
P13010,P46379,0.12349096618163913,
P13010,P48556,0.06111186341115887,
P13010,P49756,1.858395651789223e-05,
P13010,P52943,0.01062402951726526,
P13010,P53621,0.00042027462992865063,
P13010,P56192,0.0017769565675419554,
P13010,P61981,9.840119258646241e-05,
P13010,P62249,0.018980665593587482,
P13010,P62328,0.01006271763515928,
P13010,P62854,0.0004758574927236387,
P13010,P62888,0.0006912898588998571,
P13010,P62906,0.012038178656062907,
P13010,P62913,0.027682550257550283,
P13010,P62917,0.005228675338859924,
P13010,Q01995,0.0002997997674337154,
P13010,Q02218,0.0022616952988173404,
P13010,Q02818,0.017760210030114288,
P13010,Q05682,0.002597764336069408,
P13010,Q07065,0.0169179317831426,
P13010,Q07866,0.011894990425242195,
P13010,Q07954,0.00031699460590463573,
P13010,Q13162,0.008959925276029526,
P13010,Q13263,0.003931140770286063,
P13010,Q14011,0.013709213585342338,
P13010,Q14444,0.009041813519839372,
P13010,Q15233,0.0020659077521704323,
P13010,Q15459,0.028849994308753665,
P13010,Q15843,0.0007297438431777845,
P13010,Q16629,0.0016347292647608208,
P13010,Q7Z417,0.0038450426524686476,
P13010,Q96HC4,0.0017551313448791895,
P13010,Q96KR1,0.002094784767074353,
P13010,Q96L92,0.01837268111800723,
P13010,Q9H0U4,0.025850912619735184,
P13010,Q9HAV7,0.04668957424823349,
P13010,Q9NQP4,0.01023970475129283,
P13010,Q9NRX4,0.009786246446856694,
P13010,Q9UHD8,0.0013162236377365186,
P13010,Q9UJZ1,0.01981399949310761,
P13010,Q9UMS6,0.01107852288883239,
P13010,Q9UNH7,0.020355549034063457,
P13010,Q9Y3D6,0.0017300606378842477,
P14314,O15143,0.012101686513294478,
P14314,O43617,0.006868980361891625,
P14314,O94925,0.0005481869894014393,
P14314,P00568,0.001828626442534964,
P14314,P02652,0.013160468112645738,
P14314,P04179,0.004530561774164002,
P14314,P05121,0.07766841064066421,
P14314,P05976,0.01070814685266233,
P14314,P06753,0.02688583032716671,
P14314,P07203,0.09537007773810363,
P14314,P07339,0.007748185083991277,
P14314,P12956,0.002031432518319779,
P14314,P13010,0.001873182083619277,
P14314,P15374,0.012743088490403334,
P14314,P18859,0.0020797336995169837,
P14314,P21281,0.01132114481535842,
P14314,P23246,0.002515996195621371,
P14314,P26022,0.025635887723316677,
P14314,P26447,0.0008337706306776573,
P14314,P27816,0.00024633595446407226,
P14314,P30048,0.02226914514596984,
P14314,P30085,0.010698845775715981,
P14314,P35222,0.0013657549862612537,
P14314,P36957,0.0002153151784325828,
P14314,P37837,0.015062586697343805,
P14314,P38606,0.007150064982613601,
P14314,P40926,0.008751620895179186,
P14314,P42765,0.04038540486412289,
P14314,P45877,0.011988318084243294,
P14314,P46379,0.004336878209061812,
P14314,P48556,0.0009069515907760363,
P14314,P49756,0.005610212382610102,
P14314,P52943,0.008300676708986014,
P14314,P53621,0.011283008043542988,
P14314,P56192,0.03472353394561776,
P14314,P61981,0.0022414225920263787,
P14314,P62249,0.0007054326232652627,
P14314,P62328,0.010230085274482478,
P14314,P62854,0.003419252976429604,
P14314,P62888,0.0017940907493129315,
P14314,P62906,0.00026825667824290615,
P14314,P62913,0.00013005792690172689,
P14314,P62917,0.03362071115127399,
P14314,Q01995,0.002675720282296201,
P14314,Q02218,0.07067897270139073,
P14314,Q02818,0.002321324004681852,
P14314,Q05682,0.013149313793498586,
P14314,Q07065,0.01601222236311427,
P14314,Q07866,0.024109001501890416,
P14314,Q07954,0.008230367265912057,
P14314,Q13162,0.019165074833862907,
P14314,Q13263,0.008210968802331069,
P14314,Q14011,0.030128808527357824,
P14314,Q14444,0.002420660767118884,
P14314,Q15233,0.0328825865986673,
P14314,Q15459,0.0005900504858419323,
P14314,Q15843,0.02546854126793149,
P14314,Q16629,0.002098783802989646,
P14314,Q7Z417,0.00970757871864673,
P14314,Q96HC4,0.0016763526628719722,
P14314,Q96KR1,0.026378892240351108,
P14314,Q96L92,0.007273986173829113,
P14314,Q9H0U4,0.00179240514760462,
P14314,Q9HAV7,0.002163239815479519,
P14314,Q9NQP4,0.00881499061804843,
P14314,Q9NRX4,0.00962088655203803,
P14314,Q9UHD8,0.004203137764714894,
P14314,Q9UJZ1,0.002464708960860147,
P14314,Q9UMS6,0.04117993961545588,
P14314,Q9UNH7,0.011075996750164312,
P14314,Q9Y3D6,0.0031239454136360815,
P15374,O15143,0.0001230592099638511,
P15374,O43617,0.042262705477711965,
P15374,O94925,0.00935834890243428,
P15374,P00568,0.043579513468949074,
P15374,P02652,0.008201587958420738,
P15374,P04179,0.002505882002139627,
P15374,P05121,6.681005722336986e-05,
P15374,P05976,0.021222928302123842,
P15374,P06753,0.02077339278691438,
P15374,P07203,0.016398936522909642,
P15374,P07339,0.002168847624715761,
P15374,P12956,0.05099132485247845,
P15374,P13010,0.019860769757192677,
P15374,P14314,0.014429219976991196,
P15374,P18859,0.004275332915638652,
P15374,P21281,0.00029966245119111763,
P15374,P23246,0.018024064658127024,
P15374,P26022,0.014577541982992099,
P15374,P26447,0.004956608364527464,
P15374,P27816,0.011056881265924206,
P15374,P30048,0.003718900060960651,
P15374,P30085,0.03450136531127604,
P15374,P35222,1.6459368993843872e-05,
P15374,P36957,0.02878160987043955,
P15374,P37837,0.01661958672988389,
P15374,P38606,0.009543412222039511,
P15374,P40926,0.007415021896209959,
P15374,P42765,0.007127433538791152,
P15374,P45877,0.007806471118362064,
P15374,P46379,0.015028508869967287,
P15374,P48556,0.03879964509325555,
P15374,P49756,0.003934143183157693,
P15374,P52943,0.010128346306407705,
P15374,P53621,0.02610954659850241,
P15374,P56192,0.014392743205912162,
P15374,P61981,0.003248664330067377,
P15374,P62249,0.020135466338934843,
P15374,P62328,0.05077415876512446,
P15374,P62854,0.006166466867282387,
P15374,P62888,0.016064713336100937,
P15374,P62906,0.0001773417987654709,
P15374,P62913,0.002792581943459367,
P15374,P62917,0.0027092286023707867,
P15374,Q01995,0.00039755534000627824,
P15374,Q02218,0.0011380861689515777,
P15374,Q02818,0.010328923426631569,
P15374,Q05682,0.03054620272579237,
P15374,Q07065,0.03619828258284134,
P15374,Q07866,0.014327180456233097,
P15374,Q07954,0.0009241906793131756,
P15374,Q13162,0.012266376596662352,
P15374,Q13263,0.011823849451922084,
P15374,Q14011,0.03692564304224118,
P15374,Q14444,0.009903071889291664,
P15374,Q15233,0.012858199727369308,
P15374,Q15459,0.003112636171816121,
P15374,Q15843,0.013937360809191947,
P15374,Q16629,0.0011647908787934028,
P15374,Q7Z417,0.05209459454317271,
P15374,Q96HC4,0.02642577385899009,
P15374,Q96KR1,0.000451723528037956,
P15374,Q96L92,0.022818744086876883,
P15374,Q9H0U4,0.0040207393729304345,
P15374,Q9HAV7,0.0004462617421286961,
P15374,Q9NQP4,0.0020393729594482663,
P15374,Q9NRX4,0.00011308774626638148,
P15374,Q9UHD8,0.018793606695763757,
P15374,Q9UJZ1,0.018555493915161043,
P15374,Q9UMS6,0.0059701714223671445,
P15374,Q9UNH7,0.005370449821586218,
P15374,Q9Y3D6,0.0042509331863331765,
P18859,O15143,0.03804951704425814,
P18859,O43617,0.024517588538875753,
P18859,O94925,0.01799343806219592,
P18859,P00568,0.0025385692667459674,
P18859,P02652,0.00943440249851968,
P18859,P04179,0.016061413679570674,
P18859,P05121,0.028458532902102526,
P18859,P05976,0.02272460364364345,
P18859,P06753,0.0007774152499161002,
P18859,P07203,0.0013054506746959314,
P18859,P07339,0.014529937424037463,
P18859,P12956,0.0182171450701958,
P18859,P13010,0.012344897304934942,
P18859,P14314,0.018380726499955036,
P18859,P15374,0.010901149528302656,
P18859,P21281,0.008095512549836896,
P18859,P23246,0.010809001337502145,
P18859,P26022,0.019377442676107935,
P18859,P26447,0.00836512162948537,
P18859,P27816,0.035131927023285915,
P18859,P30048,0.01830183326894984,
P18859,P30085,0.022221958997414006,
P18859,P35222,0.0003758877239883857,
P18859,P36957,0.01138922251235531,
P18859,P37837,0.012185051750504305,
P18859,P38606,0.0002560620177100188,
P18859,P40926,0.002440019447769268,
P18859,P42765,0.0031313272024687156,
P18859,P45877,0.02051974411199964,
P18859,P46379,0.02422383021259404,
P18859,P48556,0.0004282595929210055,
P18859,P49756,0.012388832611027134,
P18859,P52943,0.008608915923377628,
P18859,P53621,0.009019491391143547,
P18859,P56192,0.013935886805246923,
P18859,P61981,0.011759868150220605,
P18859,P62249,0.008741831340144984,
P18859,P62328,0.022281146779487025,
P18859,P62854,0.01810102860954445,
P18859,P62888,0.018593759905594615,
P18859,P62906,0.026426651949857133,
P18859,P62913,0.008428672498251612,
P18859,P62917,0.004171445590919026,
P18859,Q01995,0.0014624600165098654,
P18859,Q02218,0.005269505568626805,
P18859,Q02818,0.01877916095448688,
P18859,Q05682,0.002766186499554275,
P18859,Q07065,0.0012495409756087398,
P18859,Q07866,0.0020179077245868716,
P18859,Q07954,0.010780401919722415,
P18859,Q13162,0.012259313836922343,
P18859,Q13263,0.0026662852178389396,
P18859,Q14011,0.0013385213804310977,
P18859,Q14444,0.009844223879001433,
P18859,Q15233,0.025996086803779534,
P18859,Q15459,0.0285254485240275,
P18859,Q15843,0.0031611301574210934,
P18859,Q16629,0.017241126417412114,
P18859,Q7Z417,0.04712721229478692,
P18859,Q96HC4,0.0015220430545804964,
P18859,Q96KR1,0.011327354212926253,
P18859,Q96L92,0.0033572992232197337,
P18859,Q9H0U4,0.02006818698699075,
P18859,Q9HAV7,0.026087458708764753,
P18859,Q9NQP4,0.0399895681849615,
P18859,Q9NRX4,0.01853459555597082,
P18859,Q9UHD8,0.03646539017570915,
P18859,Q9UJZ1,0.0022069146907606795,
P18859,Q9UMS6,0.014593213868165492,
P18859,Q9UNH7,0.0002703848821643426,
P18859,Q9Y3D6,0.004802279781571073,
P21281,O15143,0.007377251246629928,
P21281,O43617,0.004406537144117776,
P21281,O94925,0.003659145359815228,
P21281,P00568,2.940814956264637e-05,
P21281,P02652,0.020160874315877316,
P21281,P04179,0.012992589648769148,
P21281,P05121,0.013207801576492484,
P21281,P05976,0.017008295519414556,
P21281,P06753,0.036182727083906095,
P21281,P07203,0.07975484959991969,
P21281,P07339,0.0023676639945435633,
P21281,P12956,0.0021962252348920203,
P21281,P13010,0.0032030208976726164,
P21281,P14314,0.01029170165844244,
P21281,P15374,0.01390242408346473,
P21281,P18859,0.02528414966071616,
P21281,P23246,0.01787527467086642,
P21281,P26022,0.009159844303928952,
P21281,P26447,0.009978831669939967,
P21281,P27816,0.006750901540513956,
P21281,P30048,0.015294873556189432,
P21281,P30085,0.009004892363417609,
P21281,P35222,0.008373248658241367,
P21281,P36957,0.008429889689793439,
P21281,P37837,0.01728581594888269,
P21281,P38606,0.031004487848574725,
P21281,P40926,0.001435963078811023,
P21281,P42765,0.0013915341338461026,
P21281,P45877,0.010722009534688867,
P21281,P46379,0.0218696418163873,
P21281,P48556,0.013810456055210828,
P21281,P49756,0.002832794681713933,
P21281,P52943,0.009575979777913073,
P21281,P53621,0.0030206336183810855,
P21281,P56192,0.001185051109935998,
P21281,P61981,0.010755435348693084,
P21281,P62249,0.0006422611942486206,
P21281,P62328,0.01091798907284634,
P21281,P62854,0.007292918688490757,
P21281,P62888,0.004107863239447955,
P21281,P62906,7.346309170270679e-05,
P21281,P62913,0.038232007396474546,
P21281,P62917,0.029512146148435094,
P21281,Q01995,0.004880631493801299,
P21281,Q02218,0.09725960627946652,
P21281,Q02818,0.03220858082086343,
P21281,Q05682,0.017754607261409393,
P21281,Q07065,0.0027666310173978127,
P21281,Q07866,0.00190630188561494,
P21281,Q07954,0.007321154594935362,
P21281,Q13162,0.014565020187579068,
P21281,Q13263,0.03422117909527166,
P21281,Q14011,0.013103223212666876,
P21281,Q14444,0.005678431672272246,
P21281,Q15233,0.013750373829216274,
P21281,Q15459,0.0008100127889713613,
P21281,Q15843,0.0017795683816196088,
P21281,Q16629,0.0014893075103581171,
P21281,Q7Z417,0.012525372367654098,
P21281,Q96HC4,0.0075648656765727055,
P21281,Q96KR1,0.01654849455755759,
P21281,Q96L92,0.005373752537314629,
P21281,Q9H0U4,0.00878669414983274,
P21281,Q9HAV7,0.0024994359679427532,
P21281,Q9NQP4,0.014772470251159665,
P21281,Q9NRX4,0.005658251290116653,
P21281,Q9UHD8,0.009466616420560884,
P21281,Q9UJZ1,0.028593419955520415,
P21281,Q9UMS6,0.00011334632353220242,
P21281,Q9UNH7,0.002091233191987835,
P21281,Q9Y3D6,0.02141702950442883,
P23246,O15143,0.02102142974955941,
P23246,O43617,0.019565352970345663,
P23246,O94925,0.008292666108707885,
P23246,P00568,0.0007970575823234518,
P23246,P02652,0.0025878397668175745,
P23246,P04179,0.04780815783626528,
P23246,P05121,0.0019225883006122107,
P23246,P05976,0.0018322410003742367,
P23246,P06753,7.953603179127635e-05,
P23246,P07203,0.019790817764110475,
P23246,P07339,0.0106984216855328,
P23246,P12956,0.011831942893102451,
P23246,P13010,0.00996726791280651,
P23246,P14314,0.005385216272773704,
P23246,P15374,0.0007433761536280312,
P23246,P18859,0.01888573130070904,
P23246,P21281,0.010924782602617568,
P23246,P26022,0.00925824477282845,
P23246,P26447,0.05773406713828901,
P23246,P27816,0.0004641828410548106,
P23246,P30048,0.010167288704729353,
P23246,P30085,2.433224905143488e-05,
P23246,P35222,0.00350114076832935,
P23246,P36957,0.018516449800357097,
P23246,P37837,0.012860076156052613,
P23246,P38606,0.026748741007576994,
P23246,P40926,0.04451900870171159,
P23246,P42765,0.0001256699218373906,
P23246,P45877,0.01800047926343478,
P23246,P46379,0.11845799816568738,
P23246,P48556,0.011661047577942034,
P23246,P49756,0.07539041468736322,
P23246,P52943,0.0009602385699361457,
P23246,P53621,0.0009612686026267209,
P23246,P56192,0.01903574021362344,
P23246,P61981,0.008880245741989907,
P23246,P62249,0.019503369074990177,
P23246,P62328,0.0,
P23246,P62854,0.009275405476418868,
P23246,P62888,5.553799591372437e-05,
P23246,P62906,0.011255009125626552,
P23246,P62913,0.003124468262586956,
P23246,P62917,0.003583343708967972,
P23246,Q01995,0.0037469565768319425,
P23246,Q02218,0.002454134718532498,
P23246,Q02818,8.319472243340648e-05,
P23246,Q05682,7.397441374022408e-05,
P23246,Q07065,0.00021488184288167113,
P23246,Q07866,0.04444881450332914,
P23246,Q07954,0.001151564474171884,
P23246,Q13162,0.0362163921918527,
P23246,Q13263,0.01774537493292177,
P23246,Q14011,0.008803670631767936,
P23246,Q14444,0.021342275867825635,
P23246,Q15233,0.020403749644459217,
P23246,Q15459,0.009745532241743491,
P23246,Q15843,0.011280470872882097,
P23246,Q16629,0.001127020818321858,
P23246,Q7Z417,0.013324996193659022,
P23246,Q96HC4,0.017832191795044423,
P23246,Q96KR1,0.00028563899203145335,
P23246,Q96L92,0.00043207573715315484,
P23246,Q9H0U4,0.0032102689173218986,
P23246,Q9HAV7,0.05304665180902188,
P23246,Q9NQP4,0.01189951829638797,
P23246,Q9NRX4,0.0012025643347578063,
P23246,Q9UHD8,0.0009273924522763712,
P23246,Q9UJZ1,0.01938762649927441,
P23246,Q9UMS6,0.01847202843384229,
P23246,Q9UNH7,5.095944727853342e-06,
P23246,Q9Y3D6,0.0011912027905990918,
P26022,O15143,0.018254625023267437,
P26022,O43617,0.038136254538753044,
P26022,O94925,0.037398093225627066,
P26022,P00568,0.0006450121657810623,
P26022,P02652,0.013877140520035169,
P26022,P04179,0.0018929538724626873,
P26022,P05121,0.03001197585453655,
P26022,P05976,0.009721410236417226,
P26022,P06753,0.0012057705024941696,
P26022,P07203,0.0013801062431289825,
P26022,P07339,0.0013073498689373552,
P26022,P12956,0.003923889510622685,
P26022,P13010,0.0015497113971070567,
P26022,P14314,0.010908838329241966,
P26022,P15374,0.0006215318760501081,
P26022,P18859,0.019526310352631547,
P26022,P21281,3.342287575867079e-05,
P26022,P23246,0.01985015802417107,
P26022,P26447,0.047307998329224894,
P26022,P27816,0.027511442178039983,
P26022,P30048,0.009651570478536615,
P26022,P30085,0.019223375808702193,
P26022,P35222,0.028609502405326125,
P26022,P36957,0.028458237600924027,
P26022,P37837,0.03838003572982421,
P26022,P38606,0.0,
P26022,P40926,0.009498889706013763,
P26022,P42765,0.009234136468652704,
P26022,P45877,0.019675206644252236,
P26022,P46379,0.01978793673593167,
P26022,P48556,0.028891816602263053,
P26022,P49756,0.020378653289204077,
P26022,P52943,0.010046125059383893,
P26022,P53621,0.0003978042568243397,
P26022,P56192,0.04041008081013617,
P26022,P61981,0.012456745267112546,
P26022,P62249,0.029485165187895304,
P26022,P62328,0.0006937532158843877,
P26022,P62854,1.7950963884223833e-05,
P26022,P62888,0.010474554058424899,
P26022,P62906,0.019085026938967863,
P26022,P62913,0.02955784219431953,
P26022,P62917,0.019320089966425997,
P26022,Q01995,0.010903685543059989,
P26022,Q02218,0.009480570044403818,
P26022,Q02818,0.01763237512835432,
P26022,Q05682,0.000945332659880243,
P26022,Q07065,0.0002438086145074092,
P26022,Q07866,0.019445380219004542,
P26022,Q07954,0.0033167339373160274,
P26022,Q13162,0.009093244473824168,
P26022,Q13263,0.009924142381029977,
P26022,Q14011,0.000961955578634851,
P26022,Q14444,0.019363491180990726,
P26022,Q15233,0.010464385540811538,
P26022,Q15459,0.01878360166440242,
P26022,Q15843,0.0002898972895640705,
P26022,Q16629,0.019510300580063786,
P26022,Q7Z417,0.049323420911474625,
P26022,Q96HC4,0.0004974151833124794,
P26022,Q96KR1,4.3064355731331205e-05,
P26022,Q96L92,0.0005869657125979196,
P26022,Q9H0U4,0.0018653046147807592,
P26022,Q9HAV7,0.017998537855361187,
P26022,Q9NQP4,0.038517271101815936,
P26022,Q9NRX4,0.028393084130419494,
P26022,Q9UHD8,0.0014028166228536967,
P26022,Q9UJZ1,7.997188151100282e-06,
P26022,Q9UMS6,0.019289881345878775,
P26022,Q9UNH7,0.0010809612420543757,
P26022,Q9Y3D6,0.0009146256633537375,
P26447,O15143,0.00232393777760375,
P26447,O43617,0.029827167504476722,
P26447,O94925,0.00831984126035576,
P26447,P00568,0.0014388419413232292,
P26447,P02652,0.019642449922525194,
P26447,P04179,0.0016823803812670089,
P26447,P05121,0.02619356077824592,
P26447,P05976,0.012838073814280298,
P26447,P06753,0.008749576023716567,
P26447,P07203,0.0002053993516336704,
P26447,P07339,0.0017655366979386108,
P26447,P12956,0.014632734164817307,
P26447,P13010,0.021460603765324854,
P26447,P14314,0.009463886316260972,
P26447,P15374,0.026359723883197343,
P26447,P18859,0.022692336087611543,
P26447,P21281,0.002137361639591699,
P26447,P23246,0.02193965326811078,
P26447,P26022,0.0114345696215632,
P26447,P27816,0.00955994437503454,
P26447,P30048,0.018857447235843795,
P26447,P30085,0.016799298379954433,
P26447,P35222,0.00980953981361471,
P26447,P36957,0.027328025471047655,
P26447,P37837,0.027480382427130006,
P26447,P38606,0.0005259481610412467,
P26447,P40926,0.01810138434273171,
P26447,P42765,0.0036870274245258718,
P26447,P45877,0.00507245950664236,
P26447,P46379,0.019464937390799856,
P26447,P48556,0.030257535631869524,
P26447,P49756,0.009250211210588192,
P26447,P52943,0.03394679206968696,
P26447,P53621,0.027455490261827,
P26447,P56192,0.00024581373800162726,
P26447,P61981,0.021043693154351725,
P26447,P62249,0.002393836813096004,
P26447,P62328,0.01001004045158992,
P26447,P62854,0.020194990171148362,
P26447,P62888,0.02779832716894787,
P26447,P62906,0.02081637283500355,
P26447,P62913,0.00966053342458376,
P26447,P62917,0.01000657147281371,
P26447,Q01995,0.00012015739270887251,
P26447,Q02218,0.015868879317681113,
P26447,Q02818,0.002018764017076451,
P26447,Q05682,0.00847353948812838,
P26447,Q07065,0.000437086239988208,
P26447,Q07866,0.009305429994740051,
P26447,Q07954,0.019283933212001586,
P26447,Q13162,0.0014713425183028879,
P26447,Q13263,0.01991652702530467,
P26447,Q14011,0.0018599337569180216,
P26447,Q14444,0.018183410304191492,
P26447,Q15233,0.008930584785361868,
P26447,Q15459,0.00347298237772905,
P26447,Q15843,0.0013835750983672102,
P26447,Q16629,0.00808312878941112,
P26447,Q7Z417,0.03401943182106456,
P26447,Q96HC4,0.03291609668483658,
P26447,Q96KR1,0.00025200687068039344,
P26447,Q96L92,0.0011800339246664149,
P26447,Q9H0U4,0.02729440422030833,
P26447,Q9HAV7,0.026223588420857105,
P26447,Q9NQP4,0.037784970105979095,
P26447,Q9NRX4,0.040736247339146166,
P26447,Q9UHD8,0.0037763352899185744,
P26447,Q9UJZ1,0.0018110173238226738,
P26447,Q9UMS6,0.027148353346031006,
P26447,Q9UNH7,0.008780414066165084,
P26447,Q9Y3D6,0.0007318597467947506,
P27816,O15143,0.0005225223984079978,
P27816,O43617,0.054190521769959074,
P27816,O94925,0.011656989570281747,
P27816,P00568,0.0003949984434456419,
P27816,P02652,0.003159137139105396,
P27816,P04179,0.0010060594334864192,
P27816,P05121,0.0098051514636999,
P27816,P05976,0.0028103741332396264,
P27816,P06753,0.0011643296454906177,
P27816,P07203,4.103084119029791e-05,
P27816,P07339,0.007218573059857476,
P27816,P12956,0.023267955213094348,
P27816,P13010,0.02780585354670208,
P27816,P14314,0.018043978040045955,
P27816,P15374,0.0019954767990344076,
P27816,P18859,0.007388747097752625,
P27816,P21281,0.014950578412678626,
P27816,P23246,0.04387671111200056,
P27816,P26022,0.001134769293478329,
P27816,P26447,0.018341690676844914,
P27816,P30048,0.01267189595868451,
P27816,P30085,0.007574602941443458,
P27816,P35222,0.0014088938649523617,
P27816,P36957,0.025460260299509055,
P27816,P37837,0.00041176694385327076,
P27816,P38606,0.009510962701751953,
P27816,P40926,0.0037495518751883713,
P27816,P42765,0.0034554804584178618,
P27816,P45877,0.002402263395889361,
P27816,P46379,0.012412745269540811,
P27816,P48556,0.0015661878758530179,
P27816,P49756,0.002828062639999221,
P27816,P52943,0.01888172963616528,
P27816,P53621,0.017912156142939128,
P27816,P56192,0.014170371078452813,
P27816,P61981,0.008015217476181346,
P27816,P62249,0.008543932782861812,
P27816,P62328,0.012679140349313866,
P27816,P62854,0.026934713428847283,
P27816,P62888,0.0077612300378490096,
P27816,P62906,0.006214471817406622,
P27816,P62913,0.08484478301805976,
P27816,P62917,0.0003753792681314582,
P27816,Q01995,0.009454129645384007,
P27816,Q02218,0.0032773834671764447,
P27816,Q02818,0.028374104422171302,
P27816,Q05682,0.0003608188661084582,
P27816,Q07065,0.0023351302254293136,
P27816,Q07866,0.013485553602110114,
P27816,Q07954,0.009825634519116602,
P27816,Q13162,0.0009398431993675836,
P27816,Q13263,0.03780617551693046,
P27816,Q14011,0.00020892358649866947,
P27816,Q14444,0.05223638767726188,
P27816,Q15233,0.0030384417450645836,
P27816,Q15459,0.02147113270408597,
P27816,Q15843,0.009670832589384554,
P27816,Q16629,0.018242163753820297,
P27816,Q7Z417,0.017990068790066347,
P27816,Q96HC4,0.05104453028537419,
P27816,Q96KR1,0.011560209026793042,
P27816,Q96L92,0.000771157104138257,
P27816,Q9H0U4,0.011387189537873788,
P27816,Q9HAV7,0.0010072763992780035,
P27816,Q9NQP4,0.01195114960390832,
P27816,Q9NRX4,0.027368255907514252,
P27816,Q9UHD8,0.001379821969397597,
P27816,Q9UJZ1,0.008068459506163346,
P27816,Q9UMS6,0.0018835940420127227,
P27816,Q9UNH7,0.09229963161045728,
P27816,Q9Y3D6,0.008137086110411989,
P30048,O15143,0.003260172255652427,
P30048,O43617,0.011857796822354535,
P30048,O94925,0.015264253255522862,
P30048,P00568,0.012701385176625396,
P30048,P02652,0.0026421143785297597,
P30048,P04179,0.022704954416300535,
P30048,P05121,0.011617005090564965,
P30048,P05976,0.0903971041918015,
P30048,P06753,0.0012133510672684429,
P30048,P07203,0.027645895936789046,
P30048,P07339,0.006047232800022985,
P30048,P12956,0.0068768427663313935,
P30048,P13010,0.0020468285931790793,
P30048,P14314,0.005460458999945278,
P30048,P15374,0.010595578999584404,
P30048,P18859,0.031156371283098262,
P30048,P21281,0.023418267070449205,
P30048,P23246,0.0004866116093054057,
P30048,P26022,0.018570504564464203,
P30048,P26447,0.011154155101526873,
P30048,P27816,0.013343490824539507,
P30048,P30085,0.002592699690675222,
P30048,P35222,0.0032514019865153274,
P30048,P36957,0.004188118704338918,
P30048,P37837,0.002062942034202311,
P30048,P38606,0.030326803248847813,
P30048,P40926,0.0026541293081507006,
P30048,P42765,0.011221877013928832,
P30048,P45877,0.008519852519441993,
P30048,P46379,0.03244790405226108,
P30048,P48556,0.09330119076412105,
P30048,P49756,0.0088778423859501,
P30048,P52943,0.010037866308113375,
P30048,P53621,0.001488304225861596,
P30048,P56192,0.003298762470566831,
P30048,P61981,0.000659239678149876,
P30048,P62249,0.010323176754457935,
P30048,P62328,0.0004067191739600313,
P30048,P62854,0.00440022476694687,
P30048,P62888,0.001406637049775218,
P30048,P62906,0.00998489847426365,
P30048,P62913,0.0006626442496904663,
P30048,P62917,0.012974490360107187,
P30048,Q01995,0.010665318085170213,
P30048,Q02218,0.0011567326777442947,
P30048,Q02818,0.001500250742573189,
P30048,Q05682,0.002561814778650972,
P30048,Q07065,0.046408622988391705,
P30048,Q07866,0.015659293086790177,
P30048,Q07954,0.016640648095454808,
P30048,Q13162,0.01255163267506684,
P30048,Q13263,0.004777072170746184,
P30048,Q14011,0.021251491678367596,
P30048,Q14444,0.008309272996061311,
P30048,Q15233,0.0026682159280616872,
P30048,Q15459,0.01006373110571235,
P30048,Q15843,0.009899349448588307,
P30048,Q16629,0.0012623169625715191,
P30048,Q7Z417,0.044227360305685304,
P30048,Q96HC4,0.006823161924783854,
P30048,Q96KR1,0.08497873722377725,
P30048,Q96L92,0.022101587038367704,
P30048,Q9H0U4,0.014598191851470689,
P30048,Q9HAV7,0.014820544966494476,
P30048,Q9NQP4,0.006885511064744793,
P30048,Q9NRX4,0.00030766698759507593,
P30048,Q9UHD8,0.00013933031198428716,
P30048,Q9UJZ1,0.011722996746672818,
P30048,Q9UMS6,0.001579266116163855,
P30048,Q9UNH7,0.0010644724487373944,
P30048,Q9Y3D6,0.005775870932835045,
P30085,O15143,0.020235375198733228,
P30085,O43617,0.023317908717203052,
P30085,O94925,0.00874931358731858,
P30085,P00568,0.0034321700415264,
P30085,P02652,0.00526556914471816,
P30085,P04179,0.01803550847060139,
P30085,P05121,0.03990285538254178,
P30085,P05976,0.008695574880668841,
P30085,P06753,0.008435997550077649,
P30085,P07203,0.008833370844708676,
P30085,P07339,0.0031429509079017926,
P30085,P12956,0.020916078812133806,
P30085,P13010,0.010981556817621701,
P30085,P14314,0.042817176027400254,
P30085,P15374,0.008979117661623187,
P30085,P18859,0.00020483435272393476,
P30085,P21281,0.0008473577643904137,
P30085,P23246,0.009165399850088251,
P30085,P26022,0.003211045032865234,
P30085,P26447,0.018810053094813373,
P30085,P27816,0.03100522774984894,
P30085,P30048,0.00468343018059884,
P30085,P35222,0.028263622274947272,
P30085,P36957,0.0013378285402265806,
P30085,P37837,0.016475542864443492,
P30085,P38606,0.0012373202871446144,
P30085,P40926,0.06283105194679077,
P30085,P42765,0.00361518198705213,
P30085,P45877,0.015657614098098353,
P30085,P46379,0.04240831861683275,
P30085,P48556,0.012360547734788643,
P30085,P49756,0.00151023631210326,
P30085,P52943,0.015876919928453425,
P30085,P53621,0.002162935519805349,
P30085,P56192,0.008772604983922622,
P30085,P61981,0.00041071105154291817,
P30085,P62249,0.0073846427913410555,
P30085,P62328,0.000981476482800438,
P30085,P62854,0.0017851165190317236,
P30085,P62888,0.000996847673475304,
P30085,P62906,0.028031012484806852,
P30085,P62913,0.0181541799876892,
P30085,P62917,0.02373115187579662,
P30085,Q01995,0.009744869284831564,
P30085,Q02218,0.019446666338539986,
P30085,Q02818,0.02188738239435503,
P30085,Q05682,0.003758925015226297,
P30085,Q07065,0.02438996675004116,
P30085,Q07866,0.044646452428460534,
P30085,Q07954,0.011952883776799894,
P30085,Q13162,0.028521993421147494,
P30085,Q13263,0.011725336406151024,
P30085,Q14011,7.612197886612044e-05,
P30085,Q14444,0.05040460548208966,
P30085,Q15233,0.0010425295512468554,
P30085,Q15459,0.00045200425621612735,
P30085,Q15843,0.002626242559857857,
P30085,Q16629,0.012659866117731473,
P30085,Q7Z417,0.005907480907070495,
P30085,Q96HC4,0.01964505662518993,
P30085,Q96KR1,0.0032389581524389977,
P30085,Q96L92,0.0032440442414955607,
P30085,Q9H0U4,0.020021974495271513,
P30085,Q9HAV7,0.021451293737213346,
P30085,Q9NQP4,0.001818136133187109,
P30085,Q9NRX4,0.019986650646434286,
P30085,Q9UHD8,0.02288558164493915,
P30085,Q9UJZ1,0.011564700005105472,
P30085,Q9UMS6,0.0038764439446308035,
P30085,Q9UNH7,0.01603988708364128,
P30085,Q9Y3D6,8.864820732148044e-05,
P35222,O15143,0.008095843870735411,
P35222,O43617,0.010612901617355716,
P35222,O94925,0.027306679203118335,
P35222,P00568,0.017146015671872124,
P35222,P02652,0.005777481996052991,
P35222,P04179,0.026468188202370485,
P35222,P05121,0.008363772401880472,
P35222,P05976,0.013181396663105171,
P35222,P06753,0.027722557807689882,
P35222,P07203,0.012050240937552255,
P35222,P07339,0.00593481307348501,
P35222,P12956,0.01595723160570032,
P35222,P13010,0.04612023724768794,
P35222,P14314,0.0002664425742110247,
P35222,P15374,0.0008464626735249238,
P35222,P18859,0.018720246421329505,
P35222,P21281,0.002079472059080361,
P35222,P23246,0.045801572186521436,
P35222,P26022,0.019762527948776382,
P35222,P26447,0.0077312013697486606,
P35222,P27816,0.029237458982944404,
P35222,P30048,0.019161353284840667,
P35222,P30085,0.025207103328057045,
P35222,P36957,0.01855295452964191,
P35222,P37837,0.01781011827777393,
P35222,P38606,0.002588631165659888,
P35222,P40926,0.020450517357921603,
P35222,P42765,0.004604924980246802,
P35222,P45877,0.03213147974262245,
P35222,P46379,0.032944531476193105,
P35222,P48556,0.013267082568710821,
P35222,P49756,0.004073677226304561,
P35222,P52943,0.004564627618870545,
P35222,P53621,0.004987360842930357,
P35222,P56192,0.002262659669542773,
P35222,P61981,0.012714119095054814,
P35222,P62249,0.019719146399488244,
P35222,P62328,0.0035017219267317857,
P35222,P62854,0.0020241070331552978,
P35222,P62888,0.00018525663376280655,
P35222,P62906,0.024597201782286388,
P35222,P62913,0.02660014299829976,
P35222,P62917,0.01268178385678572,
P35222,Q01995,0.004711482391065858,
P35222,Q02218,0.010114539957519854,
P35222,Q02818,0.007693076277910617,
P35222,Q05682,0.006213430726424877,
P35222,Q07065,0.002771350162965991,
P35222,Q07866,0.01798230096102599,
P35222,Q07954,0.010228255811885509,
P35222,Q13162,0.003357411123233839,
P35222,Q13263,0.018187810018788223,
P35222,Q14011,0.0012543237543358146,
P35222,Q14444,0.027531926928244563,
P35222,Q15233,0.017397622047859093,
P35222,Q15459,0.03565443158629741,
P35222,Q15843,0.0025746422104434325,
P35222,Q16629,0.015809087258799214,
P35222,Q7Z417,0.008602725554756638,
P35222,Q96HC4,0.00038270993763495466,
P35222,Q96KR1,0.01039668805193297,
P35222,Q96L92,0.0002581644592063106,
P35222,Q9H0U4,0.008659664173176007,
P35222,Q9HAV7,0.0181106713100481,
P35222,Q9NQP4,0.019447755427152377,
P35222,Q9NRX4,0.010356967039836932,
P35222,Q9UHD8,0.02890508180784235,
P35222,Q9UJZ1,0.0051665141583236325,
P35222,Q9UMS6,0.000585924471768453,
P35222,Q9UNH7,0.02453116151682204,
P35222,Q9Y3D6,0.0036914259682029075,
P36957,O15143,0.017914179569517973,
P36957,O43617,0.009762102807059766,
P36957,O94925,0.019093838716836176,
P36957,P00568,0.01024988609784271,
P36957,P02652,0.009644803445802196,
P36957,P04179,0.022629011802704765,
P36957,P05121,0.020196509204731827,
P36957,P05976,0.010519124816700021,
P36957,P06753,0.0012215452990823063,
P36957,P07203,0.00020223100461859523,
P36957,P07339,0.001836368613817359,
P36957,P12956,0.028132892256898755,
P36957,P13010,0.021179995976328563,
P36957,P14314,0.019851736172007584,
P36957,P15374,0.0011909409319116084,
P36957,P18859,0.018978968550894464,
P36957,P21281,0.00029063640010957637,
P36957,P23246,0.008704037435089027,
P36957,P26022,0.027852509286577093,
P36957,P26447,0.03118561647589222,
P36957,P27816,0.025092410279612905,
P36957,P30048,0.008201461208703381,
P36957,P30085,0.01280438910563348,
P36957,P35222,0.022863540725710313,
P36957,P37837,0.007845109836902004,
P36957,P38606,0.0011693282848491858,
P36957,P40926,0.002090534952613756,
P36957,P42765,0.005237949054334684,
P36957,P45877,0.0035626654368700744,
P36957,P46379,0.039497546738256666,
P36957,P48556,0.028593696952757135,
P36957,P49756,0.01929275668145766,
P36957,P52943,0.037624816130638145,
P36957,P53621,0.017879731005434236,
P36957,P56192,0.00920989816254341,
P36957,P61981,0.011113876712504142,
P36957,P62249,0.018220854323021816,
P36957,P62328,0.010420634295032547,
P36957,P62854,0.00950797814588752,
P36957,P62888,0.0024461983678816875,
P36957,P62906,0.016844600950143215,
P36957,P62913,0.01898624154499774,
P36957,P62917,0.009830934501741788,
P36957,Q01995,0.006072630234094936,
P36957,Q02218,0.0004481942357264177,
P36957,Q02818,0.03588513496350429,
P36957,Q05682,0.0006058627618237198,
P36957,Q07065,0.020551448879036986,
P36957,Q07866,0.012807697074987521,
P36957,Q07954,0.009335970664108168,
P36957,Q13162,0.013968465272742907,
P36957,Q13263,0.0423547000528868,
P36957,Q14011,0.00038799119786087245,
P36957,Q14444,0.011062754056622976,
P36957,Q15233,0.025846695970340523,
P36957,Q15459,0.010173017222912216,
P36957,Q15843,0.0037837536836426993,
P36957,Q16629,0.02440811848611462,
P36957,Q7Z417,0.00958704054453071,
P36957,Q96HC4,0.00863398685229317,
P36957,Q96KR1,0.0008307557469534524,
P36957,Q96L92,0.002186402204715878,
P36957,Q9H0U4,0.05698120761869618,
P36957,Q9HAV7,0.017749401382572763,
P36957,Q9NQP4,0.010267978157893945,
P36957,Q9NRX4,0.011581634445083224,
P36957,Q9UHD8,0.019031379302209564,
P36957,Q9UJZ1,0.0013488552552582808,
P36957,Q9UMS6,0.0012641520045532037,
P36957,Q9UNH7,0.007914393369601381,
P36957,Q9Y3D6,0.00019388058839388964,
P37837,O15143,0.0017768113060121493,
P37837,O43617,0.03234120027450141,
P37837,O94925,0.001451393113880474,
P37837,P00568,0.08356781919169994,
P37837,P02652,0.016522428343904685,
P37837,P04179,0.013816369976944838,
P37837,P05121,0.017845623642830825,
P37837,P05976,0.010400334140589362,
P37837,P06753,0.00032639121839979037,
P37837,P07203,0.002106283022319618,
P37837,P07339,0.0034151903731735166,
P37837,P12956,0.012530689647617057,
P37837,P13010,0.017788880592385595,
P37837,P14314,0.027343905459336036,
P37837,P15374,0.014512065842265623,
P37837,P18859,0.014156692524388727,
P37837,P21281,0.00021890228608371662,
P37837,P23246,0.028791797502750408,
P37837,P26022,0.00908147505933447,
P37837,P26447,0.01226824412038693,
P37837,P27816,0.008431034735813444,
P37837,P30048,0.007686341701105548,
P37837,P30085,0.011527842103271345,
P37837,P35222,0.0011315404691928659,
P37837,P36957,0.018128793768890553,
P37837,P38606,0.00821653173972004,
P37837,P40926,0.003040017754189196,
P37837,P42765,0.003721196073701172,
P37837,P45877,0.003050093814548523,
P37837,P46379,0.011971599450805517,
P37837,P48556,0.024636588791343714,
P37837,P49756,0.0006686959973908767,
P37837,P52943,0.018975631096045463,
P37837,P53621,0.021109841339087686,
P37837,P56192,0.009552121668689925,
P37837,P61981,0.004773396524112191,
P37837,P62249,0.0014347480267156152,
P37837,P62328,0.012650780873390475,
P37837,P62854,0.018868607953119756,
P37837,P62888,0.009497861950496516,
P37837,P62906,0.009903086346819679,
P37837,P62913,0.019214931537624668,
P37837,P62917,0.021248661536342688,
P37837,Q01995,0.001601207847095962,
P37837,Q02218,0.007871975942911454,
P37837,Q02818,0.0027444652363833146,
P37837,Q05682,0.017771851598747515,
P37837,Q07065,0.044859308957173695,
P37837,Q07866,0.0070514210838245415,
P37837,Q07954,0.006558546487393908,
P37837,Q13162,0.0021445121950329506,
P37837,Q13263,0.041735901711875564,
P37837,Q14011,0.004082190070068935,
P37837,Q14444,0.0105485409178941,
P37837,Q15233,0.008248117926997717,
P37837,Q15459,0.003488179390807764,
P37837,Q15843,0.010895238750113327,
P37837,Q16629,0.01667954598046552,
P37837,Q7Z417,0.05922648236128146,
P37837,Q96HC4,0.026563762436473962,
P37837,Q96KR1,0.0026752378046659424,
P37837,Q96L92,0.014222026439978143,
P37837,Q9H0U4,0.03178768432837053,
P37837,Q9HAV7,0.002029192158948517,
P37837,Q9NQP4,0.002618554534781559,
P37837,Q9NRX4,0.013500636567974287,
P37837,Q9UHD8,0.028316457840623574,
P37837,Q9UJZ1,0.025804784876635112,
P37837,Q9UMS6,0.015912978664294367,
P37837,Q9UNH7,0.00129005312935559,
P37837,Q9Y3D6,0.008669935655685046,
P38606,O15143,0.0010995395549896877,
P38606,O43617,0.008353307664983713,
P38606,O94925,0.00521626793753779,
P38606,P00568,0.010573074597267966,
P38606,P02652,0.00279815392494949,
P38606,P04179,0.06831284804509923,
P38606,P05121,0.003038670333869664,
P38606,P05976,0.01888029394813954,
P38606,P06753,0.010648747060965951,
P38606,P07203,0.014587629722050896,
P38606,P07339,0.002604033334976275,
P38606,P12956,7.606075354333344e-05,
P38606,P13010,0.0005092792914970203,
P38606,P14314,0.005088898308385541,
P38606,P15374,0.0024831525559564347,
P38606,P18859,0.005179282254382176,
P38606,P21281,0.04391026559957534,
P38606,P23246,0.0009627573721269312,
P38606,P26022,0.0015995904753101809,
P38606,P26447,0.011992388943774055,
P38606,P27816,0.0019119508886060947,
P38606,P30048,0.0029264819333938187,
P38606,P30085,0.00012365807587270586,
P38606,P35222,0.009309418308792708,
P38606,P36957,0.00033812904863150415,
P38606,P37837,0.008751773548619005,
P38606,P40926,0.017816593567884502,
P38606,P42765,0.013312364848789062,
P38606,P45877,0.023622907764181744,
P38606,P46379,0.043536476036989666,
P38606,P48556,0.01045444566137125,
P38606,P49756,0.017542323121752097,
P38606,P52943,0.0005978174157769179,
P38606,P53621,0.004381774871181348,
P38606,P56192,0.0008274554820053179,
P38606,P61981,0.03971691946330947,
P38606,P62249,0.0019618157178489803,
P38606,P62328,5.083270270900495e-05,
P38606,P62854,0.01043940480731742,
P38606,P62888,0.001991175304442657,
P38606,P62906,0.0014209700772962921,
P38606,P62913,0.008652176828675332,
P38606,P62917,0.005684776083358648,
P38606,Q01995,0.011717082884258639,
P38606,Q02218,0.0033870903892121796,
P38606,Q02818,0.00634368255132921,
P38606,Q05682,0.00012501906658199171,
P38606,Q07065,0.0029910321438263803,
P38606,Q07866,0.018371062721854604,
P38606,Q07954,0.007914048436630192,
P38606,Q13162,0.2312184866789705,
P38606,Q13263,0.002385707382116666,
P38606,Q14011,0.025843450026285884,
P38606,Q14444,0.0009056811127663296,
P38606,Q15233,0.0020298014584676843,
P38606,Q15459,0.000482251794582612,
P38606,Q15843,0.02390525665307045,
P38606,Q16629,0.009208176747551595,
P38606,Q7Z417,0.016479922018643383,
P38606,Q96HC4,0.001605865230295746,
P38606,Q96KR1,0.00947981608839709,
P38606,Q96L92,0.01771686284979944,
P38606,Q9H0U4,0.0005137373515233081,
P38606,Q9HAV7,0.0036900911950297093,
P38606,Q9NQP4,0.00046770978451643024,
P38606,Q9NRX4,0.03553298546734368,
P38606,Q9UHD8,0.0035097244664015832,
P38606,Q9UJZ1,0.0006079009152612923,
P38606,Q9UMS6,0.0029343646742908147,
P38606,Q9UNH7,0.004545399552969197,
P38606,Q9Y3D6,0.028024904870922126,
P40926,O15143,0.016113632123705583,
P40926,O43617,0.010692949046186609,
P40926,O94925,0.0070101710361295064,
P40926,P00568,0.040922973257377725,
P40926,P02652,0.16556023213412743,
P40926,P04179,0.01368275687193532,
P40926,P05121,0.00010081919917360404,
P40926,P05976,0.008367433861162123,
P40926,P06753,0.008810910308217186,
P40926,P07203,0.000711950417201682,
P40926,P07339,0.002345838137306346,
P40926,P12956,0.001005816258735397,
P40926,P13010,0.0024820130084025433,
P40926,P14314,0.0010300598294372798,
P40926,P15374,0.03080221982184196,
P40926,P18859,0.0064701061354540765,
P40926,P21281,0.0015939353900993394,
P40926,P23246,0.00725070174875155,
P40926,P26022,0.009600076220174617,
P40926,P26447,0.017811562659657526,
P40926,P27816,0.009204360914828688,
P40926,P30048,9.265571716149383e-05,
P40926,P30085,0.000470405587884542,
P40926,P35222,0.0016965879298183808,
P40926,P36957,0.0028617926132953352,
P40926,P37837,0.009713284657367791,
P40926,P38606,0.00018414277605502923,
P40926,P42765,0.000586336677503532,
P40926,P45877,0.0017947381233727594,
P40926,P46379,0.01871124826291651,
P40926,P48556,0.011592945152117317,
P40926,P49756,2.93998810397599e-05,
P40926,P52943,0.019054800388253794,
P40926,P53621,0.0046233468910967185,
P40926,P56192,0.017761382071619525,
P40926,P61981,0.0014288434319643054,
P40926,P62249,0.005898994337082678,
P40926,P62328,0.0028550664403158166,
P40926,P62854,0.0005613277839230163,
P40926,P62888,0.04153323645626252,
P40926,P62906,0.017329971044141676,
P40926,P62913,0.027421422816040524,
P40926,P62917,0.008910299968949459,
P40926,Q01995,0.0027019484411845308,
P40926,Q02218,0.01731114805836096,
P40926,Q02818,0.056644093488179045,
P40926,Q05682,0.0080248205112102,
P40926,Q07065,0.0036414734477332655,
P40926,Q07866,0.027465637685154292,
P40926,Q07954,0.03487360684186973,
P40926,Q13162,0.03190411919051926,
P40926,Q13263,0.017588928467497076,
P40926,Q14011,0.0025356964854457566,
P40926,Q14444,0.0009123366922095971,
P40926,Q15233,0.00015683974172073069,
P40926,Q15459,0.017303027438505328,
P40926,Q15843,0.009245454572669693,
P40926,Q16629,0.018767461583394884,
P40926,Q7Z417,0.04324133247769229,
P40926,Q96HC4,5.155321789387967e-06,
P40926,Q96KR1,0.0034631160715433624,
P40926,Q96L92,0.0061601877090156605,
P40926,Q9H0U4,0.027703980139091224,
P40926,Q9HAV7,0.008130402937445498,
P40926,Q9NQP4,0.010218956241297823,
P40926,Q9NRX4,0.028644430219462863,
P40926,Q9UHD8,0.019478181834615856,
P40926,Q9UJZ1,0.005773535618339083,
P40926,Q9UMS6,0.002729842926841848,
P40926,Q9UNH7,0.00635677492716631,
P40926,Q9Y3D6,0.025292948844468685,
P42765,O15143,0.00033400341819002106,
P42765,O43617,0.0029446174479612003,
P42765,O94925,0.001454365567816462,
P42765,P00568,0.02227366340852323,
P42765,P02652,0.03051747735565255,
P42765,P04179,0.025556498879270112,
P42765,P05121,0.009236837897559793,
P42765,P05976,0.006883268843445264,
P42765,P06753,0.010586728698922776,
P42765,P07203,0.024431937010884457,
P42765,P07339,0.004805853934116012,
P42765,P12956,0.01084235445403945,
P42765,P13010,0.00033714615714522373,
P42765,P14314,0.022054087775211728,
P42765,P15374,0.02612715454623965,
P42765,P18859,0.0011345922630754024,
P42765,P21281,0.0645418424617273,
P42765,P23246,0.012978005815660804,
P42765,P26022,2.479376372172302e-06,
P42765,P26447,0.0022587082424339413,
P42765,P27816,0.0017985111929149148,
P42765,P30048,0.006118238844420037,
P42765,P30085,0.002820475666053826,
P42765,P35222,0.0037522439744765374,
P42765,P36957,0.0004852077380146958,
P42765,P37837,7.169569493438624e-05,
P42765,P38606,0.010448338912871773,
P42765,P40926,0.0024834131879437724,
P42765,P45877,0.019790814638844623,
P42765,P46379,0.028447219286372904,
P42765,P48556,0.00805140183541906,
P42765,P49756,0.051284300678876425,
P42765,P52943,0.0010784488821394683,
P42765,P53621,8.844279107928113e-05,
P42765,P56192,0.010867553120819714,
P42765,P61981,0.018438321086559087,
P42765,P62249,0.0005018733521112981,
P42765,P62328,0.0016031845064513914,
P42765,P62854,0.04980252127121503,
P42765,P62888,0.012346965924682067,
P42765,P62906,0.004867018650940044,
P42765,P62913,0.0022708264236313046,
P42765,P62917,0.0012529294076811153,
P42765,Q01995,0.04076555484278383,
P42765,Q02218,0.04398110899618888,
P42765,Q02818,0.008448262915522801,
P42765,Q05682,0.009966578510094578,
P42765,Q07065,0.00870812802743457,
P42765,Q07866,0.022948251157181732,
P42765,Q07954,0.004685256835548882,
P42765,Q13162,0.04317788744805742,
P42765,Q13263,6.647215889585991e-05,
P42765,Q14011,0.00974143343555892,
P42765,Q14444,0.010604173501238918,
P42765,Q15233,0.0032893146436568247,
P42765,Q15459,0.02115087201286299,
P42765,Q15843,0.012065867745073545,
P42765,Q16629,0.008233836347327675,
P42765,Q7Z417,0.01166823268155686,
P42765,Q96HC4,0.0038537238549552198,
P42765,Q96KR1,0.009026424459071224,
P42765,Q96L92,0.013214286524092022,
P42765,Q9H0U4,1.0958538611845118e-05,
P42765,Q9HAV7,0.007488788445699372,
P42765,Q9NQP4,0.00023976888306190245,
P42765,Q9NRX4,0.021593019092736133,
P42765,Q9UHD8,0.04245677627789332,
P42765,Q9UJZ1,0.02069136709778995,
P42765,Q9UMS6,0.007368051171018351,
P42765,Q9UNH7,0.08392485081519507,
P42765,Q9Y3D6,0.00924085956746849,
P45877,O15143,0.0022872977075342553,
P45877,O43617,0.0594729449345561,
P45877,O94925,0.035193942814244254,
P45877,P00568,0.0034594030254342318,
P45877,P02652,0.004537697029823067,
P45877,P04179,0.011408771052641455,
P45877,P05121,0.016541871035996202,
P45877,P05976,0.017337363161200867,
P45877,P06753,0.008709049730296825,
P45877,P07203,0.0005190668165642742,
P45877,P07339,0.011477738162770493,
P45877,P12956,0.03600013993436677,
P45877,P13010,0.0032200070897601156,
P45877,P14314,0.003990534089542762,
P45877,P15374,0.002057342508122797,
P45877,P18859,0.043845311399893505,
P45877,P21281,0.0011507445102639314,
P45877,P23246,0.009821665378017222,
P45877,P26022,0.029485302644627513,
P45877,P26447,0.020061328813072047,
P45877,P27816,0.017593249679646195,
P45877,P30048,0.0252270195736206,
P45877,P30085,0.014255314679494058,
P45877,P35222,0.025162220624192533,
P45877,P36957,0.009094654502887179,
P45877,P37837,0.011372378896485005,
P45877,P38606,0.001111320703322809,
P45877,P40926,0.024473027940485084,
P45877,P42765,1.51499307777193e-05,
P45877,P46379,0.013861640984073071,
P45877,P48556,0.009034704007574577,
P45877,P49756,0.0010891757503747152,
P45877,P52943,0.02939618081849738,
P45877,P53621,0.006411955308079035,
P45877,P56192,0.010208836625150824,
P45877,P61981,0.04241659412831997,
P45877,P62249,0.004338842679330644,
P45877,P62328,0.00393727294791541,
P45877,P62854,0.009213106872386377,
P45877,P62888,0.006304511819690505,
P45877,P62906,0.007640273436252556,
P45877,P62913,0.03963541456729798,
P45877,P62917,0.010713870689429496,
P45877,Q01995,0.010888649249558947,
P45877,Q02218,0.008719642462399169,
P45877,Q02818,0.025014840598367803,
P45877,Q05682,0.00031184339190437344,
P45877,Q07065,0.009996404524543916,
P45877,Q07866,0.009768941654902103,
P45877,Q07954,0.003838561726858566,
P45877,Q13162,0.002916253392524186,
P45877,Q13263,0.022177774359084683,
P45877,Q14011,0.00353503350201277,
P45877,Q14444,0.03312804391421349,
P45877,Q15233,0.0010168605058434902,
P45877,Q15459,0.004091727331233998,
P45877,Q15843,0.003567071545716967,
P45877,Q16629,0.004477140737051219,
P45877,Q7Z417,0.012969846277380077,
P45877,Q96HC4,0.03662965518042662,
P45877,Q96KR1,0.010904426087969585,
P45877,Q96L92,0.012261818812667184,
P45877,Q9H0U4,0.01084455469208079,
P45877,Q9HAV7,0.02404559512545059,
P45877,Q9NQP4,0.013835456328171156,
P45877,Q9NRX4,0.01833046933037784,
P45877,Q9UHD8,0.0037741746944692693,
P45877,Q9UJZ1,0.0011824946366183096,
P45877,Q9UMS6,0.023599521945053454,
P45877,Q9UNH7,0.00850320591485809,
P45877,Q9Y3D6,0.009182370395127915,
P46379,O15143,0.008422801249716581,
P46379,O43617,0.010737323498061209,
P46379,O94925,0.001544427075628539,
P46379,P00568,0.03417994097886995,
P46379,P02652,0.02063250006014066,
P46379,P04179,0.014148049927158195,
P46379,P05121,0.01093255020609653,
P46379,P05976,0.03358512766078364,
P46379,P06753,0.01182271425227357,
P46379,P07203,0.009362795073532056,
P46379,P07339,0.013234424243355332,
P46379,P12956,0.024906255442566444,
P46379,P13010,0.02691147890111821,
P46379,P14314,0.02723323244749612,
P46379,P15374,0.019827861912072236,
P46379,P18859,0.004569344963430272,
P46379,P21281,0.032647765634792,
P46379,P23246,0.01976313748319586,
P46379,P26022,0.015361519348662063,
P46379,P26447,0.008493998078145503,
P46379,P27816,0.018650274632447256,
P46379,P30048,0.009002864547419614,
P46379,P30085,0.012812772508197989,
P46379,P35222,0.005488397939911168,
P46379,P36957,0.005337547112511545,
P46379,P37837,0.027157275957663773,
P46379,P38606,0.001172939982170958,
P46379,P40926,0.003595344968898954,
P46379,P42765,0.0015969062657609028,
P46379,P45877,0.00411455136953714,
P46379,P48556,0.017003644151791956,
P46379,P49756,0.012697024473233384,
P46379,P52943,0.012543826540271277,
P46379,P53621,0.01794874165848637,
P46379,P56192,0.012081685664648158,
P46379,P61981,0.003058784018863373,
P46379,P62249,0.04935717364588714,
P46379,P62328,0.0030943713357596803,
P46379,P62854,0.004555574999072291,
P46379,P62888,0.0006820874014478713,
P46379,P62906,0.02709632880639044,
P46379,P62913,0.032146685235947596,
P46379,P62917,0.02718503200330564,
P46379,Q01995,0.001692720958556509,
P46379,Q02218,0.009711123996121222,
P46379,Q02818,0.016064984650697237,
P46379,Q05682,0.012766717443166131,
P46379,Q07065,0.017466127194937023,
P46379,Q07866,0.008420765235496522,
P46379,Q07954,0.010303599914209547,
P46379,Q13162,0.012414992111172574,
P46379,Q13263,0.006335896788736437,
P46379,Q14011,0.004831149664275151,
P46379,Q14444,0.023624964974644485,
P46379,Q15233,0.022112991093156977,
P46379,Q15459,0.002226922154848369,
P46379,Q15843,0.00325883476618546,
P46379,Q16629,0.0011907276777761641,
P46379,Q7Z417,0.05612846797841289,
P46379,Q96HC4,0.02594976881588656,
P46379,Q96KR1,0.0009598861670465706,
P46379,Q96L92,0.00019720346357375302,
P46379,Q9H0U4,0.010499834554994862,
P46379,Q9HAV7,0.014815540116109513,
P46379,Q9NQP4,0.015945362962021523,
P46379,Q9NRX4,0.005599844531071853,
P46379,Q9UHD8,0.009906921831217955,
P46379,Q9UJZ1,0.004189198671825058,
P46379,Q9UMS6,0.008329262667976893,
P46379,Q9UNH7,0.0037662501955841397,
P46379,Q9Y3D6,0.022808753655123692,
P48556,O15143,0.013879194054173975,
P48556,O43617,0.0045709362179421975,
P48556,O94925,0.0007420288532452493,
P48556,P00568,0.009533741250234689,
P48556,P02652,0.0031373796623413476,
P48556,P04179,0.006911500674232815,
P48556,P05121,0.037879707753127045,
P48556,P05976,0.07957514887211196,
P48556,P06753,0.0020499670509581715,
P48556,P07203,0.012011786310466541,
P48556,P07339,0.011503987981796603,
P48556,P12956,0.010911548481204599,
P48556,P13010,0.0024922703196405627,
P48556,P14314,0.017812000120098544,
P48556,P15374,0.01947302683577501,
P48556,P18859,0.03928292811895929,
P48556,P21281,0.00430991689703404,
P48556,P23246,0.017746849458905256,
P48556,P26022,0.06788407034649642,
P48556,P26447,0.02178077754042132,
P48556,P27816,0.003855845531029648,
P48556,P30048,0.06686759090635463,
P48556,P30085,0.0067655157214338854,
P48556,P35222,0.00012885211179489874,
P48556,P36957,0.015338123292921,
P48556,P37837,0.02297634265443596,
P48556,P38606,0.0008153579222416348,
P48556,P40926,0.004765903476490776,
P48556,P42765,0.006444709341687191,
P48556,P45877,0.01030883875432251,
P48556,P46379,0.007117464174368966,
P48556,P49756,0.0015877906730793192,
P48556,P52943,0.007370539035233643,
P48556,P53621,0.003583322846551612,
P48556,P56192,0.006285776991097991,
P48556,P61981,0.00293546255476249,
P48556,P62249,0.00807117217328059,
P48556,P62328,0.0058621017164463525,
P48556,P62854,0.020425614192811813,
P48556,P62888,0.012641789858862083,
P48556,P62906,0.0239042599228494,
P48556,P62913,0.016941545272223153,
P48556,P62917,0.030613510665849858,
P48556,Q01995,0.009182231971077223,
P48556,Q02218,0.03276939331180151,
P48556,Q02818,0.011606534314086855,
P48556,Q05682,0.007236412368045822,
P48556,Q07065,0.034618263548142396,
P48556,Q07866,0.0029047730117665507,
P48556,Q07954,0.01183358041751406,
P48556,Q13162,0.0050315203022885495,
P48556,Q13263,0.002340590524653724,
P48556,Q14011,0.0,
P48556,Q14444,0.0034815339287821647,
P48556,Q15233,0.010078952990276491,
P48556,Q15459,0.006953269091314147,
P48556,Q15843,0.010789141985654536,
P48556,Q16629,0.006868391615836019,
P48556,Q7Z417,0.023929343582865015,
P48556,Q96HC4,0.0001332368857354039,
P48556,Q96KR1,0.025436775100785472,
P48556,Q96L92,0.000280743804732722,
P48556,Q9H0U4,0.0034845826666354825,
P48556,Q9HAV7,0.0010956250756413463,
P48556,Q9NQP4,0.01011476623585328,
P48556,Q9NRX4,0.000918047712337929,
P48556,Q9UHD8,0.005375093495943165,
P48556,Q9UJZ1,0.036360437894791736,
P48556,Q9UMS6,0.013990535433136449,
P48556,Q9UNH7,0.0038933259329977004,
P48556,Q9Y3D6,0.006078189429722028,
P49756,O15143,0.0003284712201111375,
P49756,O43617,0.007323407226980441,
P49756,O94925,0.012989517711267773,
P49756,P00568,0.0016698893732543878,
P49756,P02652,0.03744335111324248,
P49756,P04179,0.0209381164593831,
P49756,P05121,0.007320141251176938,
P49756,P05976,0.008851239055278235,
P49756,P06753,0.013908644495665267,
P49756,P07203,0.023334064782662835,
P49756,P07339,0.0024472063478312273,
P49756,P12956,0.001290513512315474,
P49756,P13010,0.0002278982471340249,
P49756,P14314,0.0037937360871246706,
P49756,P15374,0.01305572832164765,
P49756,P18859,0.013585189546868028,
P49756,P21281,0.03419734199232097,
P49756,P23246,0.005621794603225439,
P49756,P26022,0.004903722130313746,
P49756,P26447,0.006134411326094177,
P49756,P27816,0.007682279301476834,
P49756,P30048,0.009731208601803314,
P49756,P30085,2.690936672930148e-05,
P49756,P35222,3.0584813250069863e-05,
P49756,P36957,0.0007546247334914287,
P49756,P37837,0.0012903377338933488,
P49756,P38606,0.07451143570642406,
P49756,P40926,0.011285154495424552,
P49756,P42765,0.08666704990176713,
P49756,P45877,0.0007437633915772734,
P49756,P46379,0.02791580111476723,
P49756,P48556,0.0026010543592534523,
P49756,P52943,0.008060976861486008,
P49756,P53621,0.0009546208976228285,
P49756,P56192,0.009838101638808766,
P49756,P61981,0.009687798431722903,
P49756,P62249,0.0015762321884082314,
P49756,P62328,0.0002169670183858666,
P49756,P62854,0.03355645007464042,
P49756,P62888,0.0024298373243436177,
P49756,P62906,0.002874249711711615,
P49756,P62913,0.0029249736327251097,
P49756,P62917,0.032694697590335685,
P49756,Q01995,0.01617845970918176,
P49756,Q02218,0.025462118842851197,
P49756,Q02818,0.0037448059726008284,
P49756,Q05682,0.0032123729525048795,
P49756,Q07065,0.0008305200601202716,
P49756,Q07866,0.001655839866998821,
P49756,Q07954,0.003989549320073032,
P49756,Q13162,0.1250515239897101,
P49756,Q13263,0.013260022111458589,
P49756,Q14011,0.002336826943603115,
P49756,Q14444,0.014788800704388705,
P49756,Q15233,0.012230215016503718,
P49756,Q15459,0.0038422718092787017,
P49756,Q15843,0.010829930930340166,
P49756,Q16629,0.0013599407293874597,
P49756,Q7Z417,0.040593892139783865,
P49756,Q96HC4,0.00901052162335108,
P49756,Q96KR1,0.02606852113112325,
P49756,Q96L92,0.006627545135207153,
P49756,Q9H0U4,0.0005006504536648866,
P49756,Q9HAV7,0.0009400385730445618,
P49756,Q9NQP4,0.007759898568405295,
P49756,Q9NRX4,0.007906212141747856,
P49756,Q9UHD8,0.002488530204042266,
P49756,Q9UJZ1,0.009476307257725481,
P49756,Q9UMS6,0.001322014932851765,
P49756,Q9UNH7,0.04281518257101517,
P49756,Q9Y3D6,0.013424633338447022,
P52943,O15143,0.011773735626734347,
P52943,O43617,0.004255570398634127,
P52943,O94925,0.010983423025457906,
P52943,P00568,0.06982034470919514,
P52943,P02652,0.009071862412885828,
P52943,P04179,0.020531395156725432,
P52943,P05121,0.011322970258412867,
P52943,P05976,0.01788334368883702,
P52943,P06753,0.007997241838271473,
P52943,P07203,0.0007525119231951713,
P52943,P07339,0.0007769902313412639,
P52943,P12956,0.028757040250812226,
P52943,P13010,0.011087516824235795,
P52943,P14314,0.0017428298815693583,
P52943,P15374,0.01759149055401288,
P52943,P18859,0.0087736320400903,
P52943,P21281,0.0017571631903291396,
P52943,P23246,0.02321971813083845,
P52943,P26022,0.042056552865401005,
P52943,P26447,0.025188723346163514,
P52943,P27816,0.019693769893977787,
P52943,P30048,0.010800417446771855,
P52943,P30085,0.025423188699338933,
P52943,P35222,0.0023504046887718073,
P52943,P36957,0.00025134550821512785,
P52943,P37837,0.010445450801490558,
P52943,P38606,0.0035698804150929055,
P52943,P40926,0.0020776826538264318,
P52943,P42765,0.003499005851437379,
P52943,P45877,0.0016079203112200268,
P52943,P46379,0.007106102655223414,
P52943,P48556,0.023859720800654908,
P52943,P49756,0.009143317704271027,
P52943,P53621,0.00953996891920639,
P52943,P56192,0.019919014568267855,
P52943,P61981,0.004174000139946755,
P52943,P62249,0.027027671880328827,
P52943,P62328,0.001020512902211137,
P52943,P62854,0.02701026346966213,
P52943,P62888,0.027325983791423612,
P52943,P62906,0.01566222583028852,
P52943,P62913,0.010880368282864171,
P52943,P62917,0.01072583080291047,
P52943,Q01995,0.009823928693281924,
P52943,Q02218,0.013825263257082599,
P52943,Q02818,0.012102926392538444,
P52943,Q05682,0.002141445599356521,
P52943,Q07065,0.00997201129250356,
P52943,Q07866,0.010105602893121407,
P52943,Q07954,0.009370015598877424,
P52943,Q13162,0.001817766811270217,
P52943,Q13263,0.017718347341513827,
P52943,Q14011,0.0006366826919502857,
P52943,Q14444,0.02028310148983546,
P52943,Q15233,0.0032149601518591964,
P52943,Q15459,0.00976090676935676,
P52943,Q15843,5.437136705984063e-05,
P52943,Q16629,0.029588732029196572,
P52943,Q7Z417,0.11106914065588906,
P52943,Q96HC4,0.012945974426648498,
P52943,Q96KR1,0.00322807669272434,
P52943,Q96L92,0.00038615828944491476,
P52943,Q9H0U4,0.0012518285922723954,
P52943,Q9HAV7,0.019066285474936176,
P52943,Q9NQP4,0.00165067160976751,
P52943,Q9NRX4,0.0008771749287568566,
P52943,Q9UHD8,0.0653592191690485,
P52943,Q9UJZ1,0.001069991583566808,
P52943,Q9UMS6,0.00635623263766606,
P52943,Q9UNH7,0.009126822344336595,
P52943,Q9Y3D6,0.009106621438316129,
P53621,O15143,0.00023006419487125668,
P53621,O43617,0.046839734183495206,
P53621,O94925,0.05517820838238935,
P53621,P00568,0.0018908615632536555,
P53621,P02652,0.0033090982438379476,
P53621,P04179,0.03290410913799697,
P53621,P05121,0.0014051735383547792,
P53621,P05976,0.0013558074058973146,
P53621,P06753,0.009065170571855942,
P53621,P07203,0.0012708721963255929,
P53621,P07339,0.0011050475392237733,
P53621,P12956,0.07351836071208913,
P53621,P13010,0.029497307196124707,
P53621,P14314,0.005679104825995894,
P53621,P15374,0.0024248855116275757,
P53621,P18859,0.0003995637113622665,
P53621,P21281,0.0023053605783960414,
P53621,P23246,0.009809060788726507,
P53621,P26022,0.0011074818228212877,
P53621,P26447,0.1303590835110958,
P53621,P27816,0.009670979540722706,
P53621,P30048,0.0004189506243198469,
P53621,P30085,0.0004745048674520854,
P53621,P35222,0.017910886140165762,
P53621,P36957,0.010918351126906346,
P53621,P37837,0.0005409480161642166,
P53621,P38606,0.0032493687102026535,
P53621,P40926,0.010055255929000608,
P53621,P42765,0.0010175406258689976,
P53621,P45877,0.03844474704675987,
P53621,P46379,0.1597728187161558,
P53621,P48556,0.02885488290455554,
P53621,P49756,0.0008521018620421579,
P53621,P52943,0.00031684451445588034,
P53621,P56192,0.009930894122533042,
P53621,P61981,0.011421259698709694,
P53621,P62249,0.01795725265004627,
P53621,P62328,0.0018121107891209708,
P53621,P62854,0.0011414729386351227,
P53621,P62888,7.746915278656709e-05,
P53621,P62906,9.037637960425815e-05,
P53621,P62913,0.012710238583540444,
P53621,P62917,0.0013176280860817584,
P53621,Q01995,0.0003478753339376542,
P53621,Q02218,0.0010770492410550581,
P53621,Q02818,0.037022379649746855,
P53621,Q05682,0.0012950381996749522,
P53621,Q07065,0.0005645760316667917,
P53621,Q07866,0.0009140697727931775,
P53621,Q07954,0.0014567961802630814,
P53621,Q13162,0.020255680816737925,
P53621,Q13263,0.0011543304522531569,
P53621,Q14011,6.714542468277694e-05,
P53621,Q14444,0.009402635435482504,
P53621,Q15233,3.2493267982535694e-05,
P53621,Q15459,0.01878384864573516,
P53621,Q15843,0.0008305800353843278,
P53621,Q16629,0.0097013672444042,
P53621,Q7Z417,0.00044177489730842806,
P53621,Q96HC4,0.009616576723850617,
P53621,Q96KR1,0.000744576221841687,
P53621,Q96L92,0.018751400485265062,
P53621,Q9H0U4,0.009186773141458038,
P53621,Q9HAV7,0.02697925585411631,
P53621,Q9NQP4,0.0028514552385724757,
P53621,Q9NRX4,9.166409186063247e-05,
P53621,Q9UHD8,0.019556828858409144,
P53621,Q9UJZ1,0.034052581812931,
P53621,Q9UMS6,0.0031072163806105534,
P53621,Q9UNH7,0.022140573017632535,
P53621,Q9Y3D6,0.0009549498268655187,
P56192,O15143,0.007444417818792583,
P56192,O43617,0.018630444605069622,
P56192,O94925,0.034088034672708406,
P56192,P00568,0.014726849804956258,
P56192,P02652,0.028045974042050312,
P56192,P04179,0.0023686456542652973,
P56192,P05121,0.013048524129108927,
P56192,P05976,0.014297198293161303,
P56192,P06753,0.014537466629924287,
P56192,P07203,0.0032107153544756024,
P56192,P07339,0.023464632347907726,
P56192,P12956,0.007173341232777069,
P56192,P13010,0.008852287224224166,
P56192,P14314,0.027483093506464405,
P56192,P15374,0.017809511337647427,
P56192,P18859,0.0003377442150878805,
P56192,P21281,2.1837866702614375e-05,
P56192,P23246,0.01613588125572227,
P56192,P26022,0.007028336540711597,
P56192,P26447,0.0377220546296,
P56192,P27816,0.008666223073073291,
P56192,P30048,0.0263326191004932,
P56192,P30085,0.01831066461308513,
P56192,P35222,0.0029377511427738892,
P56192,P36957,0.012083204089418419,
P56192,P37837,0.022095866057343993,
P56192,P38606,0.0004106217285636712,
P56192,P40926,0.024628723800020114,
P56192,P42765,0.0020968813095385208,
P56192,P45877,0.014794906274242419,
P56192,P46379,0.03865245552794529,
P56192,P48556,0.045957127780521724,
P56192,P49756,0.007728471786015392,
P56192,P52943,0.01993481171665644,
P56192,P53621,0.01387318310727449,
P56192,P61981,0.0026434544758801326,
P56192,P62249,0.006812306686657104,
P56192,P62328,0.005348811109807494,
P56192,P62854,0.0014300435511067568,
P56192,P62888,0.010012188306592897,
P56192,P62906,0.020632731572600833,
P56192,P62913,0.0028532903613915843,
P56192,P62917,0.03421622361816829,
P56192,Q01995,0.009629492992271114,
P56192,Q02218,0.003221057845693142,
P56192,Q02818,0.008333651585671235,
P56192,Q05682,0.012843283420627717,
P56192,Q07065,0.02514904546222674,
P56192,Q07866,0.03643731966497356,
P56192,Q07954,0.008841796991600731,
P56192,Q13162,0.013366103788475022,
P56192,Q13263,0.009165777663172704,
P56192,Q14011,0.00599659845208958,
P56192,Q14444,0.006840973797325623,
P56192,Q15233,0.00021401880130452272,
P56192,Q15459,0.01627733777461006,
P56192,Q15843,0.0003459039549721744,
P56192,Q16629,0.008375137494098758,
P56192,Q7Z417,0.06635190956103851,
P56192,Q96HC4,0.017612546439512874,
P56192,Q96KR1,0.010823951861147976,
P56192,Q96L92,0.0012328309080585978,
P56192,Q9H0U4,0.007453528760836343,
P56192,Q9HAV7,0.0032044786173452576,
P56192,Q9NQP4,0.01529203477389981,
P56192,Q9NRX4,0.010924129812961135,
P56192,Q9UHD8,0.025721416768452084,
P56192,Q9UJZ1,0.0011599641909432808,
P56192,Q9UMS6,0.008176317359756997,
P56192,Q9UNH7,0.0028655800701283623,
P56192,Q9Y3D6,0.0009796178686081055,
P61981,O15143,0.025464940685259268,
P61981,O43617,0.04543436659343191,
P61981,O94925,0.009844479234438715,
P61981,P00568,0.017785714586118606,
P61981,P02652,0.010255200768138241,
P61981,P04179,0.021298702617318907,
P61981,P05121,0.035963835380661745,
P61981,P05976,0.003123515661872841,
P61981,P06753,0.0013614894762213185,
P61981,P07203,0.008685435089140372,
P61981,P07339,0.0008518939659366118,
P61981,P12956,0.040451293618510444,
P61981,P13010,0.021702670342374875,
P61981,P14314,0.0159550003291408,
P61981,P15374,0.007264131068604939,
P61981,P18859,0.010959467042123522,
P61981,P21281,0.01051793121129498,
P61981,P23246,0.008861128495899482,
P61981,P26022,0.002210770560046671,
P61981,P26447,0.017911028639453142,
P61981,P27816,0.004332673936845166,
P61981,P30048,0.011699907606488863,
P61981,P30085,0.003325232330035915,
P61981,P35222,0.009956951171696354,
P61981,P36957,0.006519157563473642,
P61981,P37837,0.0010977483427197215,
P61981,P38606,0.0037554597697215366,
P61981,P40926,0.010625937814012191,
P61981,P42765,0.007406131039415784,
P61981,P45877,0.00040551719208091583,
P61981,P46379,0.04304100916014843,
P61981,P48556,0.001771451427320477,
P61981,P49756,0.0010930728943493772,
P61981,P52943,0.0008195749808900689,
P61981,P53621,0.008143844896839393,
P61981,P56192,0.027650762035907474,
P61981,P62249,0.0007646618789986354,
P61981,P62328,0.012780336858456453,
P61981,P62854,0.09548494097550336,
P61981,P62888,6.695007923625394e-05,
P61981,P62906,0.003337115618984653,
P61981,P62913,0.028492596749134725,
P61981,P62917,0.002892542614909461,
P61981,Q01995,0.003752718576872459,
P61981,Q02218,0.013078748036582934,
P61981,Q02818,0.0018724966934383787,
P61981,Q05682,0.0018012626225525673,
P61981,Q07065,0.009603465138794991,
P61981,Q07866,0.012984654547460305,
P61981,Q07954,0.023529853832214082,
P61981,Q13162,0.0025427023165254738,
P61981,Q13263,0.02964733825449311,
P61981,Q14011,0.004121042626358424,
P61981,Q14444,0.016449797890616392,
P61981,Q15233,0.003918078739874289,
P61981,Q15459,0.015672483380307477,
P61981,Q15843,0.007518340313336297,
P61981,Q16629,0.010606437267545454,
P61981,Q7Z417,0.009495071976830936,
P61981,Q96HC4,0.02955567850474929,
P61981,Q96KR1,0.0009287978896190313,
P61981,Q96L92,0.013086197996017962,
P61981,Q9H0U4,0.00011690647984284881,
P61981,Q9HAV7,0.04711558880411335,
P61981,Q9NQP4,0.016152330966350915,
P61981,Q9NRX4,0.0012320618390529515,
P61981,Q9UHD8,0.048544411681179865,
P61981,Q9UJZ1,0.001998036493086098,
P61981,Q9UMS6,0.026970507515651967,
P61981,Q9UNH7,0.03186740762613413,
P61981,Q9Y3D6,0.009709413820833065,
P62249,O15143,0.018190089582344054,
P62249,O43617,0.0012788688809685076,
P62249,O94925,0.027179124808377485,
P62249,P00568,0.011750665285170391,
P62249,P02652,0.012557709542315982,
P62249,P04179,0.008954174200469248,
P62249,P05121,0.01046061865486622,
P62249,P05976,0.010238191225070128,
P62249,P06753,0.019556207344672435,
P62249,P07203,0.0004257030927427519,
P62249,P07339,0.004408889227055501,
P62249,P12956,0.02885168963174351,
P62249,P13010,0.018637527222223033,
P62249,P14314,0.0016238350075460286,
P62249,P15374,0.000519251937630398,
P62249,P18859,0.0010951983146157678,
P62249,P21281,0.0027062390181918504,
P62249,P23246,0.011416928651755571,
P62249,P26022,0.010788207938619539,
P62249,P26447,0.03592378604117452,
P62249,P27816,0.02573347084863931,
P62249,P30048,0.0012303389248821959,
P62249,P30085,0.009152697959797817,
P62249,P35222,0.001938019251710439,
P62249,P36957,0.017874935749657303,
P62249,P37837,0.037462261707733584,
P62249,P38606,0.003185168909220147,
P62249,P40926,0.004140974657297611,
P62249,P42765,0.018804976942737688,
P62249,P45877,0.06426556452814566,
P62249,P46379,0.017551525691103135,
P62249,P48556,0.019701132546438214,
P62249,P49756,0.00020179519505460517,
P62249,P52943,0.0023205246005884713,
P62249,P53621,0.00406374179599363,
P62249,P56192,0.01193704718901095,
P62249,P61981,0.018144899168102364,
P62249,P62328,0.00827468519828671,
P62249,P62854,0.011559343512726533,
P62249,P62888,0.002392089588014927,
P62249,P62906,0.037746082863133766,
P62249,P62913,0.01086907469398271,
P62249,P62917,0.0006821144540777565,
P62249,Q01995,0.013388437170218846,
P62249,Q02218,0.02494167490945474,
P62249,Q02818,0.043093862407039135,
P62249,Q05682,0.01849939791473876,
P62249,Q07065,0.0029974541596052206,
P62249,Q07866,0.0006956310990010025,
P62249,Q07954,0.022209678656137467,
P62249,Q13162,0.0018602662385473767,
P62249,Q13263,0.002241367333870072,
P62249,Q14011,0.018359699877119707,
P62249,Q14444,0.0015738205061997532,
P62249,Q15233,8.185304908681605e-05,
P62249,Q15459,0.0003231557150553872,
P62249,Q15843,0.014562639372483895,
P62249,Q16629,0.020423513979230385,
P62249,Q7Z417,0.001122374068750097,
P62249,Q96HC4,0.018055748938699864,
P62249,Q96KR1,0.002310336615645338,
P62249,Q96L92,0.002150391170887869,
P62249,Q9H0U4,0.03676747833091895,
P62249,Q9HAV7,0.009259941110856047,
P62249,Q9NQP4,0.05585564333910503,
P62249,Q9NRX4,0.00842281703407166,
P62249,Q9UHD8,0.05346919835715703,
P62249,Q9UJZ1,0.011008689372695155,
P62249,Q9UMS6,1.7398160766438273e-06,
P62249,Q9UNH7,0.009964690145407904,
P62249,Q9Y3D6,0.01412039042494483,
P62328,O15143,0.0004832508190991613,
P62328,O43617,6.146731124376493e-05,
P62328,O94925,0.0004122517660128107,
P62328,P00568,0.019101292350019287,
P62328,P02652,0.010420398954517242,
P62328,P04179,0.020479870825088148,
P62328,P05121,0.10029901718924751,
P62328,P05976,0.025726565282642364,
P62328,P06753,0.0019082722031394657,
P62328,P07203,0.018083895223915215,
P62328,P07339,0.025664083812990526,
P62328,P12956,0.009929481529846268,
P62328,P13010,0.004165633414117755,
P62328,P14314,0.05373727264180066,
P62328,P15374,0.010553638481483824,
P62328,P18859,0.00042227341975465207,
P62328,P21281,0.008866731254465996,
P62328,P23246,0.0011762311284812818,
P62328,P26022,9.43229464024809e-06,
P62328,P26447,0.0014345841125928246,
P62328,P27816,7.738475868953438e-05,
P62328,P30048,0.004509856184636034,
P62328,P30085,0.01520046553335853,
P62328,P35222,0.0015766672327042262,
P62328,P36957,0.0002560689504867251,
P62328,P37837,0.012745012229981029,
P62328,P38606,0.012863550654280782,
P62328,P40926,0.00018203072448856402,
P62328,P42765,0.008627648758694567,
P62328,P45877,0.010067060680948425,
P62328,P46379,0.013769110443805367,
P62328,P48556,0.03027435651400401,
P62328,P49756,0.0026497840405128987,
P62328,P52943,0.008879806693387745,
P62328,P53621,0.002240553278614885,
P62328,P56192,0.010403086677002451,
P62328,P61981,0.0228286539948279,
P62328,P62249,0.0009634570308635934,
P62328,P62854,0.050271350904056114,
P62328,P62888,0.0001530875926094327,
P62328,P62906,0.007354751274165544,
P62328,P62913,0.007362980622636165,
P62328,P62917,0.04714306254771741,
P62328,Q01995,0.027210593198526006,
P62328,Q02218,0.00800685062069412,
P62328,Q02818,0.009634035823591043,
P62328,Q05682,0.00035671062452065366,
P62328,Q07065,0.12001937455606002,
P62328,Q07866,0.009266539212981092,
P62328,Q07954,0.007744647960611312,
P62328,Q13162,0.05326974664151033,
P62328,Q13263,0.005708942666439611,
P62328,Q14011,0.002374076863787374,
P62328,Q14444,0.01668310122181133,
P62328,Q15233,0.0034768885233208407,
P62328,Q15459,0.004948770922049132,
P62328,Q15843,0.023680961039522178,
P62328,Q16629,0.00051103593402068,
P62328,Q7Z417,0.007664003167948172,
P62328,Q96HC4,0.0022726914323480314,
P62328,Q96KR1,0.010074859410344306,
P62328,Q96L92,0.009257566155049706,
P62328,Q9H0U4,0.0028234828932491196,
P62328,Q9HAV7,0.002655931961380617,
P62328,Q9NQP4,0.009849144252180309,
P62328,Q9NRX4,0.0025215247978926185,
P62328,Q9UHD8,0.001917852508947519,
P62328,Q9UJZ1,0.044877169562309076,
P62328,Q9UMS6,0.00018139879712757877,
P62328,Q9UNH7,0.01186674820876483,
P62328,Q9Y3D6,0.0018661810067376644,
P62854,O15143,0.013208303043102493,
P62854,O43617,0.0008722457056719822,
P62854,O94925,0.027737552007579144,
P62854,P00568,0.020203573314649524,
P62854,P02652,0.023833433819639076,
P62854,P04179,0.03536585523302679,
P62854,P05121,0.007828243203465642,
P62854,P05976,0.003876577621815221,
P62854,P06753,0.010099378188467007,
P62854,P07203,0.0186359447646631,
P62854,P07339,0.004013177528508269,
P62854,P12956,0.018846354622679487,
P62854,P13010,0.012736127276243481,
P62854,P14314,0.008684966667019489,
P62854,P15374,0.0032667863346604025,
P62854,P18859,0.00414810300063859,
P62854,P21281,0.0009720450545630392,
P62854,P23246,0.0016450528300960136,
P62854,P26022,0.011146995032272353,
P62854,P26447,0.05102809465471598,
P62854,P27816,0.00971911875374956,
P62854,P30048,0.0033408899897331883,
P62854,P30085,0.0009299180899362661,
P62854,P35222,0.0023893769326555083,
P62854,P36957,0.017969576850119323,
P62854,P37837,0.009695064102534677,
P62854,P38606,0.001577043820632592,
P62854,P40926,0.027388384802187523,
P62854,P42765,0.001645203975203903,
P62854,P45877,0.010676231610570651,
P62854,P46379,0.08228806922714876,
P62854,P48556,0.00901297738497471,
P62854,P49756,0.0009015525240838138,
P62854,P52943,0.05311720384135153,
P62854,P53621,0.007210123684158487,
P62854,P56192,1.5052162795809879e-05,
P62854,P61981,0.000144668331137326,
P62854,P62249,0.002095492033844535,
P62854,P62328,0.0034746303135026026,
P62854,P62888,0.008825906750847004,
P62854,P62906,0.020013111389363084,
P62854,P62913,0.0016861489877491628,
P62854,P62917,0.0024499083684811187,
P62854,Q01995,0.0010184483362335852,
P62854,Q02218,0.012666607244249322,
P62854,Q02818,0.01303737366490108,
P62854,Q05682,4.911035117187643e-06,
P62854,Q07065,0.01162797381076393,
P62854,Q07866,0.017578376573511346,
P62854,Q07954,0.00022956685130531178,
P62854,Q13162,0.031785444913211405,
P62854,Q13263,0.008789383626799681,
P62854,Q14011,0.00028129419523783146,
P62854,Q14444,0.009942765412604774,
P62854,Q15233,0.001809278916671857,
P62854,Q15459,0.008434322673265509,
P62854,Q15843,0.010583463301250247,
P62854,Q16629,0.02664545186239776,
P62854,Q7Z417,0.05449411942357832,
P62854,Q96HC4,0.038405571323103446,
P62854,Q96KR1,0.017349818902012433,
P62854,Q96L92,0.0018250410694215353,
P62854,Q9H0U4,0.0035440539239462365,
P62854,Q9HAV7,0.018274492429208002,
P62854,Q9NQP4,0.008715670201330735,
P62854,Q9NRX4,0.018031708857068268,
P62854,Q9UHD8,0.018659843922368607,
P62854,Q9UJZ1,0.009799825672921442,
P62854,Q9UMS6,0.03808890087240708,
P62854,Q9UNH7,0.007669820155803476,
P62854,Q9Y3D6,0.03621899292649006,
P62888,O15143,0.00027126728725492775,
P62888,O43617,0.0011079669485436797,
P62888,O94925,8.505440030859961e-05,
P62888,P00568,0.03175759418286251,
P62888,P02652,0.0030189730847438663,
P62888,P04179,0.0016755841544158815,
P62888,P05121,0.010600737094709666,
P62888,P05976,0.01925382970396734,
P62888,P06753,0.0019484436957301632,
P62888,P07203,0.000630594109397457,
P62888,P07339,0.007717015152323331,
P62888,P12956,0.0271788999472221,
P62888,P13010,0.009604038699634528,
P62888,P14314,0.030363365529869926,
P62888,P15374,0.019728410404739626,
P62888,P18859,0.0017374072346529343,
P62888,P21281,0.021255165788706832,
P62888,P23246,0.03037566868324012,
P62888,P26022,0.03833057084080599,
P62888,P26447,0.019092502698457543,
P62888,P27816,0.0005206094467352945,
P62888,P30048,0.0006109998339939722,
P62888,P30085,0.01753793087999933,
P62888,P35222,5.837260737977872e-05,
P62888,P36957,0.02901964397044349,
P62888,P37837,0.03777104550421437,
P62888,P38606,0.02896151257444,
P62888,P40926,0.008236178921801581,
P62888,P42765,0.018938568177918617,
P62888,P45877,0.001282315691239537,
P62888,P46379,0.009645195077016895,
P62888,P48556,0.019431377840438874,
P62888,P49756,0.02883777512365269,
P62888,P52943,0.03877706576007043,
P62888,P53621,0.038830420759565575,
P62888,P56192,0.00999137469319884,
P62888,P61981,0.018441635733811024,
P62888,P62249,0.03954284289382144,
P62888,P62328,0.0020633970657366035,
P62888,P62854,0.028390271790813385,
P62888,P62906,0.009895312465022281,
P62888,P62913,0.010198044219897394,
P62888,P62917,0.02049917235983646,
P62888,Q01995,3.820082537120253e-05,
P62888,Q02218,0.002528388240015316,
P62888,Q02818,0.00997381255953507,
P62888,Q05682,0.01910406371507411,
P62888,Q07065,0.029499280701545966,
P62888,Q07866,0.009836715670577,
P62888,Q07954,0.010589046538012846,
P62888,Q13162,0.0004827836354291169,
P62888,Q13263,0.03849051535252087,
P62888,Q14011,5.239162648352194e-05,
P62888,Q14444,0.009390428819721972,
P62888,Q15233,0.00020498482577216198,
P62888,Q15459,0.010167350637182479,
P62888,Q15843,0.02659415817210859,
P62888,Q16629,3.976543354957299e-05,
P62888,Q7Z417,0.04191381242826397,
P62888,Q96HC4,0.020192851054102016,
P62888,Q96KR1,0.0003304804641948374,
P62888,Q96L92,0.002487393188387114,
P62888,Q9H0U4,0.018702140075130276,
P62888,Q9HAV7,0.0015032207228965367,
P62888,Q9NQP4,0.009379422639262084,
P62888,Q9NRX4,0.0022670923224945815,
P62888,Q9UHD8,0.00938846831461589,
P62888,Q9UJZ1,0.00035683236231032705,
P62888,Q9UMS6,0.000981078918572301,
P62888,Q9UNH7,0.0014002164413725272,
P62888,Q9Y3D6,0.0017425858272968912,
P62906,O15143,0.03754745315553467,
P62906,O43617,0.03461455759342235,
P62906,O94925,0.04595355663315435,
P62906,P00568,0.01828345528655757,
P62906,P02652,0.0005486510213095422,
P62906,P04179,0.0008740641175541769,
P62906,P05121,0.02052200695817814,
P62906,P05976,0.00012833078520382567,
P62906,P06753,0.009530664964630543,
P62906,P07203,0.0008426623092561683,
P62906,P07339,0.0027956510295297273,
P62906,P12956,0.029555256025279572,
P62906,P13010,0.028504596530751516,
P62906,P14314,0.0009819798135947682,
P62906,P15374,0.010335038706587491,
P62906,P18859,0.03695657768748082,
P62906,P21281,0.0013534376298326137,
P62906,P23246,0.028620003092231717,
P62906,P26022,0.02967926586178032,
P62906,P26447,0.030084881516705138,
P62906,P27816,0.043046681137032826,
P62906,P30048,0.01834876149946156,
P62906,P30085,0.0018717159622773391,
P62906,P35222,0.028249225251361056,
P62906,P36957,0.008629791316677812,
P62906,P37837,0.01827591685937782,
P62906,P38606,0.00014686326086707597,
P62906,P40926,0.001230434276666267,
P62906,P42765,0.0014663913910842668,
P62906,P45877,0.0006980887487719803,
P62906,P46379,0.028252972280608687,
P62906,P48556,0.0001307721283196696,
P62906,P49756,0.010442647746178497,
P62906,P52943,0.03059191057812606,
P62906,P53621,0.00020404957426020965,
P62906,P56192,0.00995380219752224,
P62906,P61981,0.0005884109865188028,
P62906,P62249,0.04682934931199237,
P62906,P62328,0.002441284502499943,
P62906,P62854,0.01032152507284544,
P62906,P62888,0.009797269702617923,
P62906,P62913,0.03677233873339493,
P62906,P62917,0.005146057520265175,
P62906,Q01995,0.00018823939968744328,
P62906,Q02218,0.011324607261266016,
P62906,Q02818,0.010689174055330557,
P62906,Q05682,0.010011856498888977,
P62906,Q07065,0.009375354009197218,
P62906,Q07866,0.010652477805159903,
P62906,Q07954,0.0011569262338683196,
P62906,Q13162,0.008859830648073344,
P62906,Q13263,0.019962415751395412,
P62906,Q14011,0.0013668464100874348,
P62906,Q14444,3.804063279319376e-06,
P62906,Q15233,0.00883248899543223,
P62906,Q15459,0.02782527231130023,
P62906,Q15843,0.0013240297233867069,
P62906,Q16629,0.009527338440935465,
P62906,Q7Z417,0.02168873537892281,
P62906,Q96HC4,0.029167101994531035,
P62906,Q96KR1,0.006373830968813185,
P62906,Q96L92,0.010730375606515623,
P62906,Q9H0U4,0.02838058793040515,
P62906,Q9HAV7,0.03862180746731496,
P62906,Q9NQP4,0.018401592153365585,
P62906,Q9NRX4,0.009848703386597803,
P62906,Q9UHD8,0.001432456476756121,
P62906,Q9UJZ1,0.0013323194284955637,
P62906,Q9UMS6,0.009148819980337607,
P62906,Q9UNH7,0.01073195103764128,
P62906,Q9Y3D6,0.001250400404501279,
P62913,O15143,0.021871012178479424,
P62913,O43617,0.010326687922974144,
P62913,O94925,0.01930395039965085,
P62913,P00568,0.010213467679233782,
P62913,P02652,0.010429753641095479,
P62913,P04179,0.030280063166086984,
P62913,P05121,0.01945961565269404,
P62913,P05976,0.0005148739293939288,
P62913,P06753,0.009700374748054335,
P62913,P07203,5.900788151577299e-06,
P62913,P07339,0.00032649253387734593,
P62913,P12956,0.047465915731775034,
P62913,P13010,0.028985800629122104,
P62913,P14314,0.009850019376407955,
P62913,P15374,0.0005401295581888584,
P62913,P18859,0.0294543457704098,
P62913,P21281,0.010264429970895241,
P62913,P23246,0.028442222249818246,
P62913,P26022,0.02060320400926101,
P62913,P26447,0.010188757580560428,
P62913,P27816,0.018961379705384494,
P62913,P30048,0.009520642863878314,
P62913,P30085,0.048319560775313845,
P62913,P35222,0.019309730927429034,
P62913,P36957,0.018668247192520596,
P62913,P37837,0.039493149285555064,
P62913,P38606,0.0005642692407552373,
P62913,P40926,0.010496620461580928,
P62913,P42765,0.0006475750363742997,
P62913,P45877,0.02977563796672992,
P62913,P46379,0.01882504505326942,
P62913,P48556,0.0003100398091880007,
P62913,P49756,0.000907564835962316,
P62913,P52943,0.02007012812486798,
P62913,P53621,7.92771594366528e-05,
P62913,P56192,0.04852336435573759,
P62913,P61981,5.849452991786115e-05,
P62913,P62249,0.01017623660171497,
P62913,P62328,0.0011782643621246812,
P62913,P62854,0.0004501776055416306,
P62913,P62888,0.00041876657423157645,
P62913,P62906,0.01925757649222712,
P62913,P62917,0.03184225728254027,
P62913,Q01995,0.009793500757929308,
P62913,Q02218,0.012040845861143916,
P62913,Q02818,0.01010651035912467,
P62913,Q05682,0.0005949498499703528,
P62913,Q07065,0.00016915660018397354,
P62913,Q07866,0.01994576516124006,
P62913,Q07954,0.0005042330873049808,
P62913,Q13162,0.0008579521233804041,
P62913,Q13263,0.018594079095489616,
P62913,Q14011,0.0005175120734020532,
P62913,Q14444,0.020102351073971694,
P62913,Q15233,0.009484905633201432,
P62913,Q15459,0.039582132473530714,
P62913,Q15843,0.009926131398760273,
P62913,Q16629,0.07658961114605772,
P62913,Q7Z417,0.019180286231184097,
P62913,Q96HC4,0.010563682929227521,
P62913,Q96KR1,0.0012234314341281669,
P62913,Q96L92,0.000375333998340158,
P62913,Q9H0U4,0.00010577064021569964,
P62913,Q9HAV7,0.010442145708035611,
P62913,Q9NQP4,0.021752629860569642,
P62913,Q9NRX4,0.0006155431181260016,
P62913,Q9UHD8,0.019557921175906334,
P62913,Q9UJZ1,0.00041242029201559794,
P62913,Q9UMS6,0.0008089678309698347,
P62913,Q9UNH7,0.00013230618769776003,
P62913,Q9Y3D6,0.00023018843512575965,
P62917,O15143,0.00010296486960354304,
P62917,O43617,0.008390490390767781,
P62917,O94925,0.009775476840539938,
P62917,P00568,0.024190023660807688,
P62917,P02652,0.009940747880265536,
P62917,P04179,0.025692328867785875,
P62917,P05121,0.033296097883599815,
P62917,P05976,0.0024691032075036035,
P62917,P06753,0.017732015038972936,
P62917,P07203,0.006306395860417999,
P62917,P07339,0.0016346455652859661,
P62917,P12956,0.010038451260127132,
P62917,P13010,0.01666533184220127,
P62917,P14314,0.0309029454919316,
P62917,P15374,0.014227143876448736,
P62917,P18859,0.0014196182444474897,
P62917,P21281,0.00507950303239758,
P62917,P23246,0.010103958511705542,
P62917,P26022,0.03762472921663708,
P62917,P26447,0.014797136144944845,
P62917,P27816,0.00041960237971559256,
P62917,P30048,0.001534373116529385,
P62917,P30085,0.011314679243697522,
P62917,P35222,0.0018770218976476153,
P62917,P36957,0.008715470121479725,
P62917,P37837,0.020833801509674173,
P62917,P38606,0.0031126068680854997,
P62917,P40926,0.006642085851336702,
P62917,P42765,0.01511668671458976,
P62917,P45877,0.002839440312913809,
P62917,P46379,0.015138518516861819,
P62917,P48556,0.02446855694940685,
P62917,P49756,0.010818225413254027,
P62917,P52943,0.027658200750283694,
P62917,P53621,0.04080239144793679,
P62917,P56192,0.03142271649276398,
P62917,P61981,0.0004859989588417999,
P62917,P62249,0.008298064116367526,
P62917,P62328,0.007379004496205919,
P62917,P62854,0.0075602823255642125,
P62917,P62888,0.008042103817976298,
P62917,P62906,0.04115002890729922,
P62917,P62913,0.007684872959282047,
P62917,Q01995,0.00184373608235438,
P62917,Q02218,0.005072915546073698,
P62917,Q02818,0.00022899183906527866,
P62917,Q05682,0.032240700004341066,
P62917,Q07065,0.036476692525597335,
P62917,Q07866,0.00171239438305439,
P62917,Q07954,0.006594303505307525,
P62917,Q13162,0.041717916639962584,
P62917,Q13263,0.019604681432725243,
P62917,Q14011,0.006248857063043054,
P62917,Q14444,0.00022333921287540106,
P62917,Q15233,0.010479692134308905,
P62917,Q15459,0.019583322877711376,
P62917,Q15843,0.01803299843185505,
P62917,Q16629,0.003182569908035326,
P62917,Q7Z417,0.05045040668682219,
P62917,Q96HC4,0.010294390328638875,
P62917,Q96KR1,0.02081142507702525,
P62917,Q96L92,0.0036413785753734275,
P62917,Q9H0U4,0.02737122292827373,
P62917,Q9HAV7,0.00039808480133690703,
P62917,Q9NQP4,0.0009555051866878821,
P62917,Q9NRX4,0.003930199535577893,
P62917,Q9UHD8,0.025408240375900504,
P62917,Q9UJZ1,0.030747976364448103,
P62917,Q9UMS6,0.013306239329920233,
P62917,Q9UNH7,7.61861048577163e-05,
P62917,Q9Y3D6,0.0003495097583935727,
Q01995,O15143,0.004411689096302679,
Q01995,O43617,0.00039529632694131604,
Q01995,O94925,0.010904167070576606,
Q01995,P00568,0.0025976174764191532,
Q01995,P02652,0.007247312915041606,
Q01995,P04179,0.007651649839254422,
Q01995,P05121,0.004386749482219695,
Q01995,P05976,0.012587423592032618,
Q01995,P06753,0.025095612904528837,
Q01995,P07203,0.008007606539006873,
Q01995,P07339,0.05004249317531384,
Q01995,P12956,0.0009847537373607598,
Q01995,P13010,0.004729745669800641,
Q01995,P14314,0.0021375399964137787,
Q01995,P15374,0.017750399372046637,
Q01995,P18859,0.0017037840865900633,
Q01995,P21281,0.0030404365200713567,
Q01995,P23246,0.011148736949053693,
Q01995,P26022,0.027965747970690916,
Q01995,P26447,0.006929405898069954,
Q01995,P27816,0.0007576787036748306,
Q01995,P30048,0.0026035971291052725,
Q01995,P30085,0.002673546030687703,
Q01995,P35222,0.00249478132101342,
Q01995,P36957,0.00988432978217755,
Q01995,P37837,0.0006388038261906614,
Q01995,P38606,0.010046833830857534,
Q01995,P40926,2.513986668930619e-05,
Q01995,P42765,0.008499011206998686,
Q01995,P45877,0.006331035154250895,
Q01995,P46379,0.010027566135845463,
Q01995,P48556,0.0007827652190842611,
Q01995,P49756,0.029635491651284745,
Q01995,P52943,0.004997524316478109,
Q01995,P53621,0.003605579444282878,
Q01995,P56192,0.006845838904815121,
Q01995,P61981,0.0003118366140780815,
Q01995,P62249,0.019930212531718797,
Q01995,P62328,0.09415739152433417,
Q01995,P62854,0.008144422124104824,
Q01995,P62888,0.03276145091668651,
Q01995,P62906,0.01440546543742554,
Q01995,P62913,0.000863618336354616,
Q01995,P62917,0.004320989029461134,
Q01995,Q02218,0.024025683963975798,
Q01995,Q02818,0.00976032064596108,
Q01995,Q05682,0.06037630251843369,
Q01995,Q07065,0.005945009468822922,
Q01995,Q07866,0.004028952459676934,
Q01995,Q07954,0.0012275265283928935,
Q01995,Q13162,0.023743966486374085,
Q01995,Q13263,0.012076777109380767,
Q01995,Q14011,0.00013844941514706897,
Q01995,Q14444,0.0072894359714599025,
Q01995,Q15233,0.004808617214018018,
Q01995,Q15459,0.003437140836480897,
Q01995,Q15843,0.0004190846294596587,
Q01995,Q16629,0.01586123148714374,
Q01995,Q7Z417,0.018185961818116422,
Q01995,Q96HC4,0.002139330120365912,
Q01995,Q96KR1,0.00919764587214307,
Q01995,Q96L92,0.024323664953577823,
Q01995,Q9H0U4,0.0025439053840246367,
Q01995,Q9HAV7,0.002448516170982715,
Q01995,Q9NQP4,0.008569585997088673,
Q01995,Q9NRX4,0.013567200593992301,
Q01995,Q9UHD8,0.0003641430428985492,
Q01995,Q9UJZ1,0.038311874248497496,
Q01995,Q9UMS6,0.017269277660335175,
Q01995,Q9UNH7,0.02632065181729686,
Q01995,Q9Y3D6,0.09582945505047176,
Q02218,O15143,0.00628485567018566,
Q02218,O43617,0.019475193672857737,
Q02218,O94925,0.013236304379617703,
Q02218,P00568,0.02788928807444145,
Q02218,P02652,0.011101975692407935,
Q02218,P04179,0.0029609623444942722,
Q02218,P05121,0.00489749922300573,
Q02218,P05976,0.06673211718738853,
Q02218,P06753,0.026613879043386995,
Q02218,P07203,0.007412003676841913,
Q02218,P07339,0.017942303060197576,
Q02218,P12956,0.058274730877992106,
Q02218,P13010,0.04124748938359474,
Q02218,P14314,0.0004978658514991451,
Q02218,P15374,0.02683511033671978,
Q02218,P18859,0.009929985933204887,
Q02218,P21281,0.0012124994697726055,
Q02218,P23246,0.0036162697726123748,
Q02218,P26022,0.0008053778375345529,
Q02218,P26447,0.03853258607415859,
Q02218,P27816,0.0008762930867017751,
Q02218,P30048,0.01686313329762914,
Q02218,P30085,0.008832625336726484,
Q02218,P35222,0.014312335075150218,
Q02218,P36957,0.0027716359132278646,
Q02218,P37837,0.009189958034535681,
Q02218,P38606,0.00399909745207094,
Q02218,P40926,0.0021561156818659024,
Q02218,P42765,0.004488261499575593,
Q02218,P45877,0.0661889133085744,
Q02218,P46379,0.025322391416062993,
Q02218,P48556,0.009316262525612067,
Q02218,P49756,0.0008077416703463182,
Q02218,P52943,0.014947059493184802,
Q02218,P53621,0.00731434673167485,
Q02218,P56192,0.007254194004885018,
Q02218,P61981,0.01681370148722847,
Q02218,P62249,0.00030355146491071734,
Q02218,P62328,0.0014917604239315257,
Q02218,P62854,0.008453155442652854,
Q02218,P62888,0.0005869274891036151,
Q02218,P62906,0.0019406660135587502,
Q02218,P62913,0.022183083024331158,
Q02218,P62917,0.0010302546039744024,
Q02218,Q01995,0.004510065927550775,
Q02218,Q02818,0.06448772870302158,
Q02218,Q05682,0.009482748044207585,
Q02218,Q07065,0.00409222340874142,
Q02218,Q07866,0.0013746977893030288,
Q02218,Q07954,0.00047866346324947664,
Q02218,Q13162,0.022687307811674245,
Q02218,Q13263,0.0004886097804064305,
Q02218,Q14011,0.030401774020789796,
Q02218,Q14444,0.021536462903150845,
Q02218,Q15233,0.002180516728489649,
Q02218,Q15459,0.0014924391475373334,
Q02218,Q15843,0.0008655180171647924,
Q02218,Q16629,0.021379145007112847,
Q02218,Q7Z417,0.007393597809352458,
Q02218,Q96HC4,0.023653737120805932,
Q02218,Q96KR1,0.0019691691408397754,
Q02218,Q96L92,0.031195006530217742,
Q02218,Q9H0U4,0.011527850162687274,
Q02218,Q9HAV7,0.00373107245425032,
Q02218,Q9NQP4,0.025906534122557934,
Q02218,Q9NRX4,0.004272303961868515,
Q02218,Q9UHD8,0.00917411330688063,
Q02218,Q9UJZ1,0.016567324850384244,
Q02218,Q9UMS6,0.004389686458796551,
Q02218,Q9UNH7,0.009075796732877927,
Q02218,Q9Y3D6,0.017894212007374923,
Q02818,O15143,0.008252904224781747,
Q02818,O43617,0.025622011002017633,
Q02818,O94925,0.02191794090183847,
Q02818,P00568,0.009745143244633605,
Q02818,P02652,0.0031060757747018958,
Q02818,P04179,0.010683482903854548,
Q02818,P05121,0.010432424019135973,
Q02818,P05976,0.008370175654308113,
Q02818,P06753,0.0023083895201452403,
Q02818,P07203,0.00030051770673211444,
Q02818,P07339,0.0020328220921323166,
Q02818,P12956,0.01906021470354968,
Q02818,P13010,0.011930750027657746,
Q02818,P14314,0.0012027232017808,
Q02818,P15374,0.019300504419530642,
Q02818,P18859,0.001849406985268442,
Q02818,P21281,0.006809276053725574,
Q02818,P23246,0.02061001422803612,
Q02818,P26022,0.02619304744402963,
Q02818,P26447,0.004753310783275125,
Q02818,P27816,0.00817000906934286,
Q02818,P30048,0.001130182306976408,
Q02818,P30085,0.0036140713918493515,
Q02818,P35222,0.02788750687485133,
Q02818,P36957,0.01677551203388309,
Q02818,P37837,0.016639430741483694,
Q02818,P38606,0.0031517036357512234,
Q02818,P40926,0.0002599433677588852,
Q02818,P42765,0.0017275110245941366,
Q02818,P45877,0.03692244088156711,
Q02818,P46379,0.008302903563557165,
Q02818,P48556,0.006973102394500479,
Q02818,P49756,0.017820528818274603,
Q02818,P52943,0.010056941404125603,
Q02818,P53621,0.016040829456441093,
Q02818,P56192,0.01949356657889264,
Q02818,P61981,0.026541043705324105,
Q02818,P62249,0.014266818163264649,
Q02818,P62328,0.03282528950182304,
Q02818,P62854,0.0044731808102854344,
Q02818,P62888,0.0022374480458425394,
Q02818,P62906,0.016000491623795264,
Q02818,P62913,0.01467065372735589,
Q02818,P62917,0.0030137895391212453,
Q02818,Q01995,0.009294512610748555,
Q02818,Q02218,0.0013174989417912139,
Q02818,Q05682,0.0024701228934541873,
Q02818,Q07065,0.018474601670139378,
Q02818,Q07866,0.009941356314459651,
Q02818,Q07954,0.0030819564167941264,
Q02818,Q13162,0.025717657722423837,
Q02818,Q13263,0.012266900920181128,
Q02818,Q14011,0.00813834484787233,
Q02818,Q14444,0.0256395017317104,
Q02818,Q15233,0.001951576093608664,
Q02818,Q15459,0.009759710320324338,
Q02818,Q15843,0.0018823486621846566,
Q02818,Q16629,0.09451772110850476,
Q02818,Q7Z417,0.007377091064935591,
Q02818,Q96HC4,0.01749472289527384,
Q02818,Q96KR1,0.0006761233570845069,
Q02818,Q96L92,0.0005332989683621831,
Q02818,Q9H0U4,0.007359396938282346,
Q02818,Q9HAV7,0.02777635127710032,
Q02818,Q9NQP4,0.020753760196919296,
Q02818,Q9NRX4,0.09687996637776926,
Q02818,Q9UHD8,0.0038486553497156933,
Q02818,Q9UJZ1,0.0013350630017393839,
Q02818,Q9UMS6,0.027741678946250552,
Q02818,Q9UNH7,0.027114434753905778,
Q02818,Q9Y3D6,0.0003832418489585711,
Q05682,O15143,0.01938545855897411,
Q05682,O43617,0.007717135433872071,
Q05682,O94925,0.0012693930204707871,
Q05682,P00568,0.004642609825436096,
Q05682,P02652,0.005073010576190152,
Q05682,P04179,0.009963198225527804,
Q05682,P05121,0.00943575914910263,
Q05682,P05976,0.009561665212257408,
Q05682,P06753,0.016615775365752587,
Q05682,P07203,0.0525839487166097,
Q05682,P07339,0.0912358325497067,
Q05682,P12956,0.0018146230639350296,
Q05682,P13010,0.0016618599354446166,
Q05682,P14314,0.004392989085419248,
Q05682,P15374,0.0052008977932910564,
Q05682,P18859,0.002645445862106369,
Q05682,P21281,0.007624629652180812,
Q05682,P23246,0.0014688202155606522,
Q05682,P26022,0.010392861159406573,
Q05682,P26447,0.001838477712689249,
Q05682,P27816,0.0010331524972236623,
Q05682,P30048,0.013256111498191104,
Q05682,P30085,0.0008459463387984215,
Q05682,P35222,0.0016709006358301968,
Q05682,P36957,0.0012085583210358429,
Q05682,P37837,0.0005262425885738625,
Q05682,P38606,0.007297962816401283,
Q05682,P40926,0.0020973174724408573,
Q05682,P42765,0.00020619314235308803,
Q05682,P45877,0.010753705543794522,
Q05682,P46379,0.008530876615279775,
Q05682,P48556,0.014669799125188088,
Q05682,P49756,0.015190948741962626,
Q05682,P52943,0.0018511848482323722,
Q05682,P53621,0.0008040664532368927,
Q05682,P56192,0.007488787920709629,
Q05682,P61981,0.020912856115470273,
Q05682,P62249,0.011956168204554711,
Q05682,P62328,0.007522117440321552,
Q05682,P62854,0.001158713037285582,
Q05682,P62888,0.031445149114172705,
Q05682,P62906,0.0016349662285680077,
Q05682,P62913,0.0023948912744622807,
Q05682,P62917,0.015147231239627822,
Q05682,Q01995,0.011420106557694473,
Q05682,Q02218,0.030646516250686442,
Q05682,Q02818,0.011165381104444287,
Q05682,Q07065,0.008247893344705113,
Q05682,Q07866,0.001336653847831645,
Q05682,Q07954,0.0031007038180987366,
Q05682,Q13162,0.040889589706905136,
Q05682,Q13263,0.003918068290460275,
Q05682,Q14011,0.04575966124995801,
Q05682,Q14444,0.002008599563440857,
Q05682,Q15233,0.0028811713359735646,
Q05682,Q15459,0.03263508929760474,
Q05682,Q15843,0.0021809087835010775,
Q05682,Q16629,0.001322058098729841,
Q05682,Q7Z417,0.0124553280148547,
Q05682,Q96HC4,0.009287370755042944,
Q05682,Q96KR1,0.010614806342924492,
Q05682,Q96L92,0.0018704909700406691,
Q05682,Q9H0U4,0.0014472221430462317,
Q05682,Q9HAV7,0.0019974169253688836,
Q05682,Q9NQP4,0.03325051266914811,
Q05682,Q9NRX4,0.009111558353393986,
Q05682,Q9UHD8,0.0005428672034091904,
Q05682,Q9UJZ1,0.11224220169837135,
Q05682,Q9UMS6,0.0013611494729631336,
Q05682,Q9UNH7,0.0016638755429240776,
Q05682,Q9Y3D6,0.13887534656259576,
Q07065,O15143,0.0030708821321108687,
Q07065,O43617,0.0002593429349029926,
Q07065,O94925,0.00022906389167348678,
Q07065,P00568,0.038311900360610246,
Q07065,P02652,0.0004129390272821345,
Q07065,P04179,0.00869429511361457,
Q07065,P05121,0.030069788775074685,
Q07065,P05976,0.016793219021654184,
Q07065,P06753,0.007694872788580706,
Q07065,P07203,0.027966922380872238,
Q07065,P07339,0.009707338051668069,
Q07065,P12956,0.008262331078949584,
Q07065,P13010,0.0027111155207668446,
Q07065,P14314,0.013360333132422015,
Q07065,P15374,0.0039044172871389154,
Q07065,P18859,0.002046078865388207,
Q07065,P21281,0.012921728246759004,
Q07065,P23246,0.009263768295134362,
Q07065,P26022,0.01900341445114891,
Q07065,P26447,0.00199092961862499,
Q07065,P27816,0.00411428371599355,
Q07065,P30048,0.002423433682100601,
Q07065,P30085,0.003098896036617997,
Q07065,P35222,0.002995329897518153,
Q07065,P36957,0.015533013141546112,
Q07065,P37837,0.014899191569198207,
Q07065,P38606,0.01315370831065107,
Q07065,P40926,0.004351743724840612,
Q07065,P42765,0.011329007944406182,
Q07065,P45877,0.003082194434624863,
Q07065,P46379,0.0019026812858951195,
Q07065,P48556,0.007579767004042612,
Q07065,P49756,0.02243155865320647,
Q07065,P52943,0.03294954121652652,
Q07065,P53621,0.0019359537624457587,
Q07065,P56192,0.00838118734201879,
Q07065,P61981,0.002227726186270651,
Q07065,P62249,0.00014367356010241297,
Q07065,P62328,0.002481781053312341,
Q07065,P62854,0.05168055992821273,
Q07065,P62888,0.007592581052169295,
Q07065,P62906,0.023039292295355483,
Q07065,P62913,0.026125730118283657,
Q07065,P62917,0.01798584447645662,
Q07065,Q01995,0.0011185142200623819,
Q07065,Q02218,0.08788807371942704,
Q07065,Q02818,0.011298200523711614,
Q07065,Q05682,0.0006097640389092052,
Q07065,Q07866,0.003312092239706315,
Q07065,Q07954,0.019543149687960504,
Q07065,Q13162,0.04846410649393486,
Q07065,Q13263,5.2730330504607337e-05,
Q07065,Q14011,0.010303024057716643,
Q07065,Q14444,0.00016225348486069178,
Q07065,Q15233,0.0006494463714147452,
Q07065,Q15459,0.011052329860850573,
Q07065,Q15843,0.03981085488796776,
Q07065,Q16629,0.0015891111506532254,
Q07065,Q7Z417,0.01636079207417602,
Q07065,Q96HC4,0.003091728872140238,
Q07065,Q96KR1,0.008107206010709526,
Q07065,Q96L92,0.016694047799591803,
Q07065,Q9H0U4,0.009439706740870529,
Q07065,Q9HAV7,0.004570146989261099,
Q07065,Q9NQP4,0.0321931608645701,
Q07065,Q9NRX4,0.003542317299944328,
Q07065,Q9UHD8,0.0005479803762222574,
Q07065,Q9UJZ1,0.09354045695700465,
Q07065,Q9UMS6,0.010271078623822804,
Q07065,Q9UNH7,9.050430857784947e-05,
Q07065,Q9Y3D6,0.045019260346768494,
Q07866,O15143,1.8234079601269066e-05,
Q07866,O43617,6.563863602779212e-05,
Q07866,O94925,0.0009799603582046764,
Q07866,P00568,0.09656675365421848,
Q07866,P02652,0.039028058159273994,
Q07866,P04179,5.236608799399645e-06,
Q07866,P05121,0.0304446519626666,
Q07866,P05976,0.01017005629420748,
Q07866,P06753,0.0010845120139004127,
Q07866,P07203,0.0036808965897724834,
Q07866,P07339,0.011248199497185807,
Q07866,P12956,0.028938526381911557,
Q07866,P13010,9.58264183598772e-05,
Q07866,P14314,0.027794619207143524,
Q07866,P15374,0.00013742144699265162,
Q07866,P18859,0.01188189126525102,
Q07866,P21281,0.009997000079958228,
Q07866,P23246,0.01922623501956673,
Q07866,P26022,0.009968160772598302,
Q07866,P26447,0.020786479994535458,
Q07866,P27816,0.019662032977857305,
Q07866,P30048,0.00022470052855031366,
Q07866,P30085,0.0003375383299068614,
Q07866,P35222,8.552694091704219e-05,
Q07866,P36957,0.00036917312227087716,
Q07866,P37837,0.01038981745130504,
Q07866,P38606,0.01176645841643113,
Q07866,P40926,0.01944505886842478,
Q07866,P42765,8.666194476479618e-05,
Q07866,P45877,0.0004319941951118371,
Q07866,P46379,4.260640861318592e-05,
Q07866,P48556,0.00026830880824730874,
Q07866,P49756,6.324396261568079e-05,
Q07866,P52943,0.0194064522248913,
Q07866,P53621,0.01141029430907036,
Q07866,P56192,0.038184255549137916,
Q07866,P61981,7.514646876737236e-06,
Q07866,P62249,0.0488292025899201,
Q07866,P62328,4.673384840446655e-05,
Q07866,P62854,0.02822395640999651,
Q07866,P62888,0.00025308643762941797,
Q07866,P62906,0.03950441259295505,
Q07866,P62913,0.0764957259428013,
Q07866,P62917,0.009625935005281973,
Q07866,Q01995,0.0006193346387308165,
Q07866,Q02218,0.00048814833143170683,
Q07866,Q02818,0.00995271509958393,
Q07866,Q05682,5.368578611541898e-05,
Q07866,Q07065,0.018824559026655096,
Q07866,Q07954,8.502357286626008e-06,
Q07866,Q13162,0.009584004520303719,
Q07866,Q13263,0.019172351470398478,
Q07866,Q14011,0.011243475126176222,
Q07866,Q14444,0.0099879033766089,
Q07866,Q15233,0.009867759798615088,
Q07866,Q15459,5.8526995147984107e-05,
Q07866,Q15843,0.03000922765689134,
Q07866,Q16629,0.009659837475565447,
Q07866,Q7Z417,0.10753127092031196,
Q07866,Q96HC4,4.257230422257742e-05,
Q07866,Q96KR1,0.002712778407172475,
Q07866,Q96L92,0.010016929401127594,
Q07866,Q9H0U4,1.1684295254507982e-05,
Q07866,Q9HAV7,0.010412734785903911,
Q07866,Q9NQP4,0.01944928154405611,
Q07866,Q9NRX4,1.2365685272784341e-06,
Q07866,Q9UHD8,0.0007492238660443055,
Q07866,Q9UJZ1,0.009381283638988559,
Q07866,Q9UMS6,0.000288477578214572,
Q07866,Q9UNH7,0.0007281794862291458,
Q07866,Q9Y3D6,0.040308950379294474,
Q07954,O15143,0.05661990637705804,
Q07954,O43617,0.007951499921647943,
Q07954,O94925,0.017637299743238983,
Q07954,P00568,0.00205810230599102,
Q07954,P02652,3.2240422281749996e-05,
Q07954,P04179,0.012893530847199724,
Q07954,P05121,0.013290900804168266,
Q07954,P05976,0.016786093810514362,
Q07954,P06753,0.016902970768051806,
Q07954,P07203,0.0081672037543225,
Q07954,P07339,0.011123129963666536,
Q07954,P12956,0.028243352963472725,
Q07954,P13010,0.0012251043037196775,
Q07954,P14314,0.021671220302984517,
Q07954,P15374,0.002262266825782298,
Q07954,P18859,0.030416681014245474,
Q07954,P21281,0.006823534390721427,
Q07954,P23246,0.001980443396873396,
Q07954,P26022,0.009343798771491343,
Q07954,P26447,0.037465540651554566,
Q07954,P27816,0.0012320825281573063,
Q07954,P30048,0.0019076125425722293,
Q07954,P30085,0.011916362347303415,
Q07954,P35222,0.0009555029379354873,
Q07954,P36957,0.0006196330668570501,
Q07954,P37837,0.027717380021373455,
Q07954,P38606,0.00011315331176790795,
Q07954,P40926,0.019743225074460607,
Q07954,P42765,0.0034622671999422305,
Q07954,P45877,0.020173193108755712,
Q07954,P46379,0.027381270575075632,
Q07954,P48556,0.012051771157504889,
Q07954,P49756,0.018902713241992157,
Q07954,P52943,0.009151834825180602,
Q07954,P53621,0.00904017409133824,
Q07954,P56192,0.01775052793507835,
Q07954,P61981,0.0024506828416911504,
Q07954,P62249,0.010186494608098078,
Q07954,P62328,0.019561617156620886,
Q07954,P62854,0.007230985790245472,
Q07954,P62888,0.0022668214512682324,
Q07954,P62906,0.00941304984030625,
Q07954,P62913,0.03644051247303008,
Q07954,P62917,0.0023692833488225128,
Q07954,Q01995,0.0034202036261628825,
Q07954,Q02218,0.0007358815448920815,
Q07954,Q02818,0.03373839087978016,
Q07954,Q05682,0.000835108812912088,
Q07954,Q07065,0.009782612773063689,
Q07954,Q07866,0.019541249296181704,
Q07954,Q13162,0.009059811379062815,
Q07954,Q13263,0.06284635625532627,
Q07954,Q14011,0.00022279897817185828,
Q07954,Q14444,0.003545813701667687,
Q07954,Q15233,0.012214735520213764,
Q07954,Q15459,0.027209322931597328,
Q07954,Q15843,0.008071384367674416,
Q07954,Q16629,0.011955648432749535,
Q07954,Q7Z417,0.0355874229064349,
Q07954,Q96HC4,0.04415443338284722,
Q07954,Q96KR1,0.008912055745738043,
Q07954,Q96L92,0.0009045973988091423,
Q07954,Q9H0U4,0.009870064685200542,
Q07954,Q9HAV7,0.009803858775860744,
Q07954,Q9NQP4,0.029307404073720757,
Q07954,Q9NRX4,0.029601799692970356,
Q07954,Q9UHD8,0.026444085422029015,
Q07954,Q9UJZ1,0.0014434573023521977,
Q07954,Q9UMS6,0.0020128277796443643,
Q07954,Q9UNH7,0.02009480608841566,
Q07954,Q9Y3D6,0.0024912042421963414,
Q13162,O15143,0.010632431358881195,
Q13162,O43617,0.012064618618499619,
Q13162,O94925,0.0002791987446589396,
Q13162,P00568,0.01073828676985439,
Q13162,P02652,0.002191720617303674,
Q13162,P04179,0.010765338615476412,
Q13162,P05121,0.010700610356158203,
Q13162,P05976,0.010678382695819461,
Q13162,P06753,0.00030721005266079357,
Q13162,P07203,0.010300081906193123,
Q13162,P07339,0.009493545988331685,
Q13162,P12956,3.789595121910572e-05,
Q13162,P13010,0.01127747776017935,
Q13162,P14314,0.0023040253335253054,
Q13162,P15374,0.0025381761370859113,
Q13162,P18859,5.853617365435047e-07,
Q13162,P21281,0.15345293864687826,
Q13162,P23246,0.001926606823971073,
Q13162,P26022,0.008773470978950298,
Q13162,P26447,0.0010107625670060785,
Q13162,P27816,0.008163692749666844,
Q13162,P30048,0.005021216397527109,
Q13162,P30085,4.3007117983489206e-05,
Q13162,P35222,1.5610934920256495e-06,
Q13162,P36957,0.005927467907462441,
Q13162,P37837,0.008952415179983499,
Q13162,P38606,0.011516999204468845,
Q13162,P40926,0.012233222152251626,
Q13162,P42765,0.0013290936947135787,
Q13162,P45877,0.001340071060890642,
Q13162,P46379,0.007966684891886589,
Q13162,P48556,0.010723948698807786,
Q13162,P49756,0.017111214156753703,
Q13162,P52943,0.014163716474664101,
Q13162,P53621,0.002222709225983426,
Q13162,P56192,0.008649610931638643,
Q13162,P61981,0.0005013187414747563,
Q13162,P62249,0.02814172650168845,
Q13162,P62328,2.884652853984614e-05,
Q13162,P62854,0.0738601530668269,
Q13162,P62888,0.022672653108375886,
Q13162,P62906,0.003378112400676034,
Q13162,P62913,0.004008864015071543,
Q13162,P62917,0.010043191161529345,
Q13162,Q01995,0.0018651970883674191,
Q13162,Q02218,0.03010997030548228,
Q13162,Q02818,0.003652904105093193,
Q13162,Q05682,0.02516907881297395,
Q13162,Q07065,0.0009193280641470471,
Q13162,Q07866,0.014264282123530201,
Q13162,Q07954,0.024642367508651227,
Q13162,Q13263,0.011411171307963076,
Q13162,Q14011,0.008925706440805238,
Q13162,Q14444,0.0017589452868379846,
Q13162,Q15233,0.00929177168571698,
Q13162,Q15459,0.0033230458398820204,
Q13162,Q15843,0.06609927882399771,
Q13162,Q16629,0.0076480868409916185,
Q13162,Q7Z417,0.026557276739884728,
Q13162,Q96HC4,2.9987220452997455e-09,
Q13162,Q96KR1,0.0077523524362025035,
Q13162,Q96L92,0.012780071099353805,
Q13162,Q9H0U4,0.0014745154985719266,
Q13162,Q9HAV7,0.006565682431679397,
Q13162,Q9NQP4,0.03198606511872543,
Q13162,Q9NRX4,0.0057240292415434305,
Q13162,Q9UHD8,0.0005729393984656869,
Q13162,Q9UJZ1,0.0006244779533264495,
Q13162,Q9UMS6,0.018027164475134146,
Q13162,Q9UNH7,0.0031182540077156875,
Q13162,Q9Y3D6,0.0358719373520611,
Q13263,O15143,0.017685909494968302,
Q13263,O43617,0.062422985380852995,
Q13263,O94925,0.015178378165626021,
Q13263,P00568,0.03723766271114226,
Q13263,P02652,0.00998963408442635,
Q13263,P04179,0.011544696268887912,
Q13263,P05121,1.1382820378979088e-05,
Q13263,P05976,0.0149958681947869,
Q13263,P06753,0.021671009975364215,
Q13263,P07203,0.020152064165921885,
Q13263,P07339,0.0013146122673378523,
Q13263,P12956,0.04848911742014403,
Q13263,P13010,0.002277513061064398,
Q13263,P14314,0.002626280630673493,
Q13263,P15374,0.0013676360066966762,
Q13263,P18859,0.003616942710186345,
Q13263,P21281,0.0025174071030570093,
Q13263,P23246,0.023179856914427387,
Q13263,P26022,0.0146250265693909,
Q13263,P26447,0.03770659969659253,
Q13263,P27816,0.0013575474002223795,
Q13263,P30048,0.008394682086576701,
Q13263,P30085,0.025859877823698935,
Q13263,P35222,0.017519539106998383,
Q13263,P36957,0.014213067483871612,
Q13263,P37837,0.014773040297063717,
Q13263,P38606,0.0007233965011711162,
Q13263,P40926,0.01654927938957493,
Q13263,P42765,0.018062070582596602,
Q13263,P45877,0.001499307418921963,
Q13263,P46379,0.04217373178760506,
Q13263,P48556,0.013610521020387283,
Q13263,P49756,0.003168181514704618,
Q13263,P52943,0.03327719716515673,
Q13263,P53621,0.019099754741115364,
Q13263,P56192,0.016512864128195963,
Q13263,P61981,0.007633636291536155,
Q13263,P62249,0.013066719413332796,
Q13263,P62328,0.051096156138090834,
Q13263,P62854,0.0001777802007334629,
Q13263,P62888,0.001291441696463726,
Q13263,P62906,0.003429992762097418,
Q13263,P62913,0.02173604792259161,
Q13263,P62917,0.002336503972884866,
Q13263,Q01995,0.0,
Q13263,Q02218,0.0011223037930961275,
Q13263,Q02818,0.006266052542758103,
Q13263,Q05682,0.007742879219372731,
Q13263,Q07065,0.021203779426978597,
Q13263,Q07866,0.02966253840977143,
Q13263,Q07954,0.0003025164793334799,
Q13263,Q13162,0.014655311579193421,
Q13263,Q14011,0.00855425866163028,
Q13263,Q14444,0.00863276076610391,
Q13263,Q15233,0.003490622881772924,
Q13263,Q15459,0.009713764003016894,
Q13263,Q15843,0.0027451917729585727,
Q13263,Q16629,0.009518414378717699,
Q13263,Q7Z417,0.039979603759633095,
Q13263,Q96HC4,0.012306816623922336,
Q13263,Q96KR1,0.010473288790984027,
Q13263,Q96L92,0.015446469586319256,
Q13263,Q9H0U4,0.00900304841181076,
Q13263,Q9HAV7,0.012692505528103352,
Q13263,Q9NQP4,0.010734449965955392,
Q13263,Q9NRX4,0.013586190424410333,
Q13263,Q9UHD8,0.009427403429801091,
Q13263,Q9UJZ1,0.009845795194451551,
Q13263,Q9UMS6,0.007203188292126839,
Q13263,Q9UNH7,0.011561230953342345,
Q13263,Q9Y3D6,0.002743572515912099,
Q14011,O15143,0.004685024847836085,
Q14011,O43617,0.02559942920995038,
Q14011,O94925,0.006068140425212504,
Q14011,P00568,0.0024080169754104163,
Q14011,P02652,0.00918355186270598,
Q14011,P04179,0.013892620404995146,
Q14011,P05121,0.1350547846005147,
Q14011,P05976,0.03367743759507582,
Q14011,P06753,0.022668382094836508,
Q14011,P07203,0.0200330459863416,
Q14011,P07339,0.009446435324580952,
Q14011,P12956,0.0015947417623701032,
Q14011,P13010,0.00045021633160295254,
Q14011,P14314,0.05189692750068671,
Q14011,P15374,0.015633626544981724,
Q14011,P18859,0.0047845385541403825,
Q14011,P21281,0.014124639787918473,
Q14011,P23246,0.00861121196601851,
Q14011,P26022,0.025873924882432103,
Q14011,P26447,0.004822754023909402,
Q14011,P27816,0.0010331409073399754,
Q14011,P30048,0.043760148184221255,
Q14011,P30085,0.025575543272053976,
Q14011,P35222,0.005717881844950637,
Q14011,P36957,0.010383998814134123,
Q14011,P37837,0.0008000288310237993,
Q14011,P38606,0.002357489090753057,
Q14011,P40926,0.001414552680589799,
Q14011,P42765,0.002048409103064428,
Q14011,P45877,0.0010322581414582506,
Q14011,P46379,0.006316040023238631,
Q14011,P48556,0.027150586968622947,
Q14011,P49756,0.00019272275953351506,
Q14011,P52943,0.0021392276149608106,
Q14011,P53621,0.01983712783571988,
Q14011,P56192,0.0015210689860396533,
Q14011,P61981,0.001614485645714781,
Q14011,P62249,0.009308930131170505,
Q14011,P62328,0.024462214872436428,
Q14011,P62854,0.013200052995330685,
Q14011,P62888,0.00029459889289426837,
Q14011,P62906,0.0,
Q14011,P62913,0.0029143279424790514,
Q14011,P62917,0.01819542646443164,
Q14011,Q01995,0.017138505835069772,
Q14011,Q02218,0.026770473157445344,
Q14011,Q02818,0.0028679038257144428,
Q14011,Q05682,0.0168074609952103,
Q14011,Q07065,0.13529007936662468,
Q14011,Q07866,0.0010839245702369427,
Q14011,Q07954,0.009847988705244361,
Q14011,Q13162,0.0164641589316537,
Q14011,Q13263,0.004402505021766485,
Q14011,Q14444,0.0008625745210904595,
Q14011,Q15233,0.0005157601464760056,
Q14011,Q15459,0.0027132996480248744,
Q14011,Q15843,0.01751109901138915,
Q14011,Q16629,0.004807772970825158,
Q14011,Q7Z417,0.01956644374814831,
Q14011,Q96HC4,0.0020004555422717023,
Q14011,Q96KR1,0.010800495872344154,
Q14011,Q96L92,0.0010464447773811702,
Q14011,Q9H0U4,0.0009536438681489027,
Q14011,Q9HAV7,0.018216784394138617,
Q14011,Q9NQP4,0.001179562189983166,
Q14011,Q9NRX4,0.0028412785448101306,
Q14011,Q9UHD8,0.0006878378508836852,
Q14011,Q9UJZ1,0.008501430546823252,
Q14011,Q9UMS6,0.0063003095467326735,
Q14011,Q9UNH7,0.02086324995234644,
Q14011,Q9Y3D6,0.003919650419831174,
Q14444,O15143,0.009766065219484293,
Q14444,O43617,0.0204026054898275,
Q14444,O94925,0.03593501734116886,
Q14444,P00568,0.011283009291006658,
Q14444,P02652,0.0004316713409369137,
Q14444,P04179,0.0006594464882925226,
Q14444,P05121,0.02045796993385778,
Q14444,P05976,0.018644944837778284,
Q14444,P06753,0.020522913025825297,
Q14444,P07203,0.0013617243359478504,
Q14444,P07339,0.011075465302035159,
Q14444,P12956,0.02960960478607426,
Q14444,P13010,0.01698595770021055,
Q14444,P14314,0.0035893511695754745,
Q14444,P15374,0.009829032010262287,
Q14444,P18859,0.010419153807381835,
Q14444,P21281,0.0017771282217016104,
Q14444,P23246,0.000975646598289964,
Q14444,P26022,0.010394578800011349,
Q14444,P26447,0.004101628659361722,
Q14444,P27816,0.009500696769392558,
Q14444,P30048,0.00130172195385939,
Q14444,P30085,0.02863315454156049,
Q14444,P35222,0.016203414566917845,
Q14444,P36957,0.017308329289201414,
Q14444,P37837,0.02171916442393542,
Q14444,P38606,0.0010009420449951752,
Q14444,P40926,0.0004930306214237655,
Q14444,P42765,0.00048405039324338857,
Q14444,P45877,0.011521782266871856,
Q14444,P46379,0.0262663554229149,
Q14444,P48556,0.014490926751663009,
Q14444,P49756,0.03710067191680291,
Q14444,P52943,0.020140459705339512,
Q14444,P53621,0.001499200555632909,
Q14444,P56192,0.018926518964202946,
Q14444,P61981,0.019611507267313658,
Q14444,P62249,0.033392788012574164,
Q14444,P62328,0.01774205717361792,
Q14444,P62854,0.0004793669938328699,
Q14444,P62888,0.01280503728219641,
Q14444,P62906,0.009685730272808998,
Q14444,P62913,0.04900945556853402,
Q14444,P62917,0.020046972461466587,
Q14444,Q01995,0.007442479778084992,
Q14444,Q02218,0.0010897678622616288,
Q14444,Q02818,0.011334266143530456,
Q14444,Q05682,0.00900530464350348,
Q14444,Q07065,0.002751521788239859,
Q14444,Q07866,0.008714026861280155,
Q14444,Q07954,0.011199247395470117,
Q14444,Q13162,0.010494826594732262,
Q14444,Q13263,0.022837616813491488,
Q14444,Q14011,0.002410883382415621,
Q14444,Q15233,0.017771087433916366,
Q14444,Q15459,0.02002465788393333,
Q14444,Q15843,0.010452437794364035,
Q14444,Q16629,3.603779047673606e-05,
Q14444,Q7Z417,0.02726540223058292,
Q14444,Q96HC4,0.027943651117054186,
Q14444,Q96KR1,0.018368255058475183,
Q14444,Q96L92,0.001105663973935478,
Q14444,Q9H0U4,0.0185680228827304,
Q14444,Q9HAV7,0.026239278459211333,
Q14444,Q9NQP4,0.01915704489762038,
Q14444,Q9NRX4,0.02065978525934531,
Q14444,Q9UHD8,0.02808208910079022,
Q14444,Q9UJZ1,0.0026303074065240494,
Q14444,Q9UMS6,0.026115117372171745,
Q14444,Q9UNH7,0.0028834968717797033,
Q14444,Q9Y3D6,0.00966993067613973,
Q15233,O15143,0.0048277098095238806,
Q15233,O43617,0.009984179939652274,
Q15233,O94925,0.01588979410879058,
Q15233,P00568,0.083648904622142,
Q15233,P02652,0.06503433375842178,
Q15233,P04179,0.012256491727034668,
Q15233,P05121,0.026201847299215972,
Q15233,P05976,0.0016474157994981148,
Q15233,P06753,0.0083185868936774,
Q15233,P07203,0.006503916560811028,
Q15233,P07339,0.0008535466592379443,
Q15233,P12956,0.0754958648257817,
Q15233,P13010,0.021297826084450477,
Q15233,P14314,0.006773782480528442,
Q15233,P15374,0.011203848299038493,
Q15233,P18859,0.010049337329624321,
Q15233,P21281,0.0002650320829823699,
Q15233,P23246,0.001006750846222712,
Q15233,P26022,0.008441360299829032,
Q15233,P26447,0.038268020948569265,
Q15233,P27816,0.010680053673185655,
Q15233,P30048,0.017033840929659604,
Q15233,P30085,0.010829386629790588,
Q15233,P35222,0.0010921522238676667,
Q15233,P36957,0.00047097714705356954,
Q15233,P37837,0.023827665193461196,
Q15233,P38606,0.00016384512432920508,
Q15233,P40926,0.01188028081813594,
Q15233,P42765,0.009801599196659882,
Q15233,P45877,0.0011018259241772704,
Q15233,P46379,0.04815222510952313,
Q15233,P48556,0.02629539401947069,
Q15233,P49756,0.00034270475431354136,
Q15233,P52943,0.0016247294837076149,
Q15233,P53621,0.0026813946934878857,
Q15233,P56192,0.01993856399357906,
Q15233,P61981,0.0009417470678575126,
Q15233,P62249,0.010670483918771909,
Q15233,P62328,0.000728620312405576,
Q15233,P62854,0.01804424949950467,
Q15233,P62888,0.021243681178628723,
Q15233,P62906,0.002089572512373008,
Q15233,P62913,0.01579856931464966,
Q15233,P62917,0.01731908003233964,
Q15233,Q01995,0.00044442379406557626,
Q15233,Q02218,0.009372292797391846,
Q15233,Q02818,0.040342279270565475,
Q15233,Q05682,0.001603894537021299,
Q15233,Q07065,0.03753436658945601,
Q15233,Q07866,0.000774931527286411,
Q15233,Q07954,0.0020911020756470815,
Q15233,Q13162,0.015643223678107304,
Q15233,Q13263,0.010000144433453848,
Q15233,Q14011,0.0033822646280034624,
Q15233,Q14444,0.029040497537364925,
Q15233,Q15459,0.009867540328644979,
Q15233,Q15843,0.01777803799531118,
Q15233,Q16629,0.010472890433564905,
Q15233,Q7Z417,0.04622965714604006,
Q15233,Q96HC4,0.00207738402599676,
Q15233,Q96KR1,0.0033431566959062887,
Q15233,Q96L92,0.0029485165599419886,
Q15233,Q9H0U4,0.004407905989840609,
Q15233,Q9HAV7,0.006697014937743235,
Q15233,Q9NQP4,0.002103246233816061,
Q15233,Q9NRX4,0.0005402628553345391,
Q15233,Q9UHD8,0.009426206172682331,
Q15233,Q9UJZ1,0.003124591516185503,
Q15233,Q9UMS6,0.00323970739932092,
Q15233,Q9UNH7,0.016799983170093177,
Q15233,Q9Y3D6,0.023266192576366515,
Q15459,O15143,0.012189348463109413,
Q15459,O43617,0.000911201943143104,
Q15459,O94925,0.023643976048124717,
Q15459,P00568,0.019666797588381347,
Q15459,P02652,0.03396174868827853,
Q15459,P04179,0.019642909970805117,
Q15459,P05121,0.01303217853225124,
Q15459,P05976,0.018686137082792233,
Q15459,P06753,0.008897340427621558,
Q15459,P07203,0.01448963800569246,
Q15459,P07339,0.0029365537044779687,
Q15459,P12956,0.0377736275524563,
Q15459,P13010,0.029227497843762044,
Q15459,P14314,0.009424197227172953,
Q15459,P15374,0.00037145314193511475,
Q15459,P18859,0.021091675936647153,
Q15459,P21281,0.014703264332343343,
Q15459,P23246,0.0004129005652435304,
Q15459,P26022,0.01722469387054624,
Q15459,P26447,0.0264935654196039,
Q15459,P27816,0.0013120484251564835,
Q15459,P30048,0.01763981896179839,
Q15459,P30085,0.00806092547827183,
Q15459,P35222,0.016144471883497057,
Q15459,P36957,0.019519670044888537,
Q15459,P37837,0.03568297902185416,
Q15459,P38606,0.010969268010448736,
Q15459,P40926,0.009439612173829461,
Q15459,P42765,0.00018298320293026562,
Q15459,P45877,0.0479767546560496,
Q15459,P46379,0.00548142060292372,
Q15459,P48556,0.007212194723333883,
Q15459,P49756,0.007771239719996257,
Q15459,P52943,0.008749090322113812,
Q15459,P53621,0.008535243166624674,
Q15459,P56192,0.023487490879931343,
Q15459,P61981,0.007948418489709645,
Q15459,P62249,0.007460637279324971,
Q15459,P62328,0.009387584862177266,
Q15459,P62854,0.004494226101191046,
Q15459,P62888,0.005189621383383585,
Q15459,P62906,0.02404616376989737,
Q15459,P62913,0.0200347914699808,
Q15459,P62917,0.012227352058734799,
Q15459,Q01995,0.002413089612595484,
Q15459,Q02218,0.02065890005099165,
Q15459,Q02818,0.05410562393071278,
Q15459,Q05682,0.0020914992300721277,
Q15459,Q07065,0.010786192539421218,
Q15459,Q07866,0.0033882648388866153,
Q15459,Q07954,0.004020831506386907,
Q15459,Q13162,0.012178693448277805,
Q15459,Q13263,0.027126243162840007,
Q15459,Q14011,0.0009042467504505623,
Q15459,Q14444,0.001969805407187096,
Q15459,Q15233,0.012642741790723042,
Q15459,Q15843,0.0012486594317452624,
Q15459,Q16629,0.030321658706684008,
Q15459,Q7Z417,0.05386417801869448,
Q15459,Q96HC4,0.016357401967464814,
Q15459,Q96KR1,0.003747833440649543,
Q15459,Q96L92,0.001954199381838248,
Q15459,Q9H0U4,0.0079532865810484,
Q15459,Q9HAV7,0.009172205916264574,
Q15459,Q9NQP4,0.01258761712378183,
Q15459,Q9NRX4,0.00850321766551566,
Q15459,Q9UHD8,0.0019778931981026707,
Q15459,Q9UJZ1,0.0011049252223477497,
Q15459,Q9UMS6,0.006636721854879652,
Q15459,Q9UNH7,0.016036368548144556,
Q15459,Q9Y3D6,0.00657959194778702,
Q15843,O15143,0.0009564029576321463,
Q15843,O43617,0.05127283534402402,
Q15843,O94925,0.0002442262673222179,
Q15843,P00568,0.021607341598100197,
Q15843,P02652,0.009838562112357016,
Q15843,P04179,0.024638623926064133,
Q15843,P05121,0.027412616640455082,
Q15843,P05976,0.024834035641940568,
Q15843,P06753,0.017510363268625165,
Q15843,P07203,0.045484376483867585,
Q15843,P07339,0.004931125944266408,
Q15843,P12956,0.008275040592519253,
Q15843,P13010,0.011917793313489427,
Q15843,P14314,0.029048266161130494,
Q15843,P15374,0.013191214591855668,
Q15843,P18859,0.002724827123731468,
Q15843,P21281,0.09319779713940125,
Q15843,P23246,0.016761024246152736,
Q15843,P26022,0.005621496495993681,
Q15843,P26447,0.0013018568255845529,
Q15843,P27816,0.00791314293058849,
Q15843,P30048,0.020414403129669228,
Q15843,P30085,0.019475352856042086,
Q15843,P35222,0.00029099422393160084,
Q15843,P36957,0.008453978990556386,
Q15843,P37837,0.010020321266177716,
Q15843,P38606,6.820616144806475e-05,
Q15843,P40926,0.002019906687901152,
Q15843,P42765,0.009258710038345632,
Q15843,P45877,0.003618627897358156,
Q15843,P46379,0.012525615651746695,
Q15843,P48556,0.00806119388337182,
Q15843,P49756,0.0015709013769984485,
Q15843,P52943,0.01085634669450239,
Q15843,P53621,0.0005052521385814954,
Q15843,P56192,0.010442505238049153,
Q15843,P61981,0.005943595258618095,
Q15843,P62249,0.001929126921484656,
Q15843,P62328,0.004257167897408599,
Q15843,P62854,0.017641133872008812,
Q15843,P62888,0.020446639735358353,
Q15843,P62906,0.007841077785555537,
Q15843,P62913,0.0021995358768747615,
Q15843,P62917,0.005177309985529427,
Q15843,Q01995,0.0011141460191471623,
Q15843,Q02218,0.008492800049748547,
Q15843,Q02818,0.003906386353848519,
Q15843,Q05682,0.03034522443578593,
Q15843,Q07065,0.05755985638545643,
Q15843,Q07866,0.033928031324489585,
Q15843,Q07954,0.010935982108645182,
Q15843,Q13162,0.038849985196247376,
Q15843,Q13263,0.009637885198872093,
Q15843,Q14011,0.005518337052561318,
Q15843,Q14444,0.00779802125050694,
Q15843,Q15233,0.009939093685552854,
Q15843,Q15459,4.1381610784813496e-05,
Q15843,Q16629,0.002461658707020918,
Q15843,Q7Z417,0.0025565377880635743,
Q15843,Q96HC4,3.742670354396683e-05,
Q15843,Q96KR1,0.020784373285811064,
Q15843,Q96L92,0.010786843799428396,
Q15843,Q9H0U4,0.0026756990777349714,
Q15843,Q9HAV7,3.316604897372832e-06,
Q15843,Q9NQP4,0.008664548052661912,
Q15843,Q9NRX4,0.004084542341783393,
Q15843,Q9UHD8,0.01553258761925786,
Q15843,Q9UJZ1,0.026284053654902443,
Q15843,Q9UMS6,0.017612445215246006,
Q15843,Q9UNH7,0.011510924160133435,
Q15843,Q9Y3D6,0.018531685602326202,
Q16629,O15143,0.029395050306676395,
Q16629,O43617,0.020180372784991164,
Q16629,O94925,0.029565544689476662,
Q16629,P00568,0.0007937243011013341,
Q16629,P02652,0.009892569414908575,
Q16629,P04179,0.009512125942876105,
Q16629,P05121,0.01007523632235119,
Q16629,P05976,0.00014568488728042725,
Q16629,P06753,0.00018124217260954222,
Q16629,P07203,0.010220316961627033,
Q16629,P07339,0.0002948922324872536,
Q16629,P12956,0.04893223849650876,
Q16629,P13010,0.03796013906844825,
Q16629,P14314,0.018908025618681157,
Q16629,P15374,0.0102695954954105,
Q16629,P18859,0.01237128522181766,
Q16629,P21281,0.00993216207245603,
Q16629,P23246,0.010412972890420133,
Q16629,P26022,0.02109058519038787,
Q16629,P26447,0.019846375529835543,
Q16629,P27816,0.02901232941080714,
Q16629,P30048,0.009876302279768358,
Q16629,P30085,0.0003148504874326741,
Q16629,P35222,0.028743720580743846,
Q16629,P36957,0.010415553564398971,
Q16629,P37837,0.019390236561392035,
Q16629,P38606,0.0002322996562365014,
Q16629,P40926,0.01015295130378948,
Q16629,P42765,0.0013194649223661776,
Q16629,P45877,0.048885872517262695,
Q16629,P46379,0.010041628855349134,
Q16629,P48556,0.0009434515850565554,
Q16629,P49756,3.135962906236894e-05,
Q16629,P52943,0.01976362820951626,
Q16629,P53621,0.02034186250452208,
Q16629,P56192,0.019455894635341423,
Q16629,P61981,0.000756530613172921,
Q16629,P62249,0.038987152410918956,
Q16629,P62328,0.009968396037557383,
Q16629,P62854,0.03758297172757501,
Q16629,P62888,6.558937928007867e-05,
Q16629,P62906,0.038478691861887925,
Q16629,P62913,0.01972206678236804,
Q16629,P62917,0.001092637034797217,
Q16629,Q01995,0.00026195383240776277,
Q16629,Q02218,0.0004138151562698715,
Q16629,Q02818,0.00980588926788695,
Q16629,Q05682,0.010111498261236827,
Q16629,Q07065,0.0002677028579803097,
Q16629,Q07866,0.01963224587261105,
Q16629,Q07954,6.54984900355307e-05,
Q16629,Q13162,0.0016388544088291146,
Q16629,Q13263,0.029408603123355238,
Q16629,Q14011,0.009818380019347839,
Q16629,Q14444,0.010412157387796881,
Q16629,Q15233,0.0017109876051712592,
Q16629,Q15459,0.010300393554233988,
Q16629,Q15843,0.00016468753294344068,
Q16629,Q7Z417,0.020067310612506942,
Q16629,Q96HC4,0.029639686730592002,
Q16629,Q96KR1,0.0023000117811952784,
Q16629,Q96L92,0.0003691456121133693,
Q16629,Q9H0U4,0.019551538479661054,
Q16629,Q9HAV7,0.02909023685659124,
Q16629,Q9NQP4,0.019081035550869582,
Q16629,Q9NRX4,0.009918209179419029,
Q16629,Q9UHD8,0.029736266371206056,
Q16629,Q9UJZ1,0.0008379389768420027,
Q16629,Q9UMS6,0.02867965519020894,
Q16629,Q9UNH7,0.0008029842080256291,
Q16629,Q9Y3D6,0.000618803296868834,
Q7Z417,O15143,0.00022450637819495817,
Q7Z417,O43617,0.008004606902382708,
Q7Z417,O94925,0.01804552726033178,
Q7Z417,P00568,0.0021514009682348776,
Q7Z417,P02652,0.0009798185156639479,
Q7Z417,P04179,0.018286697669174557,
Q7Z417,P05121,0.009794380732928057,
Q7Z417,P05976,0.0008909388397529278,
Q7Z417,P06753,0.0033503327612415873,
Q7Z417,P07203,0.037935272023854105,
Q7Z417,P07339,0.003199313178133909,
Q7Z417,P12956,0.002652909176964496,
Q7Z417,P13010,0.0029092001595798656,
Q7Z417,P14314,0.017223493310409167,
Q7Z417,P15374,0.0011569612957645814,
Q7Z417,P18859,0.00759415675030927,
Q7Z417,P21281,0.14960385963418754,
Q7Z417,P23246,0.0016391063617809398,
Q7Z417,P26022,0.002451557471472903,
Q7Z417,P26447,0.000341883128968207,
Q7Z417,P27816,0.01032697864737582,
Q7Z417,P30048,0.0009015968798637814,
Q7Z417,P30085,0.002161543228447214,
Q7Z417,P35222,0.008021400816230033,
Q7Z417,P36957,0.005698186163198376,
Q7Z417,P37837,0.0018003728698245869,
Q7Z417,P38606,0.025070751268289934,
Q7Z417,P40926,0.01869443612878047,
Q7Z417,P42765,0.017093856141139428,
Q7Z417,P45877,0.0240064361917184,
Q7Z417,P46379,0.0010381017705048399,
Q7Z417,P48556,0.0,
Q7Z417,P49756,0.0013910099233016004,
Q7Z417,P52943,0.012519278548197956,
Q7Z417,P53621,0.0029812649949711306,
Q7Z417,P56192,0.004152700650237142,
Q7Z417,P61981,0.0021177211018396373,
Q7Z417,P62249,0.0010955334716309087,
Q7Z417,P62328,0.011530985934628193,
Q7Z417,P62854,0.013349216605183643,
Q7Z417,P62888,0.0003276236487637266,
Q7Z417,P62906,0.007768794864305858,
Q7Z417,P62913,0.015451221515446582,
Q7Z417,P62917,0.0005286057914840018,
Q7Z417,Q01995,0.010219769539974893,
Q7Z417,Q02218,0.017783710637753265,
Q7Z417,Q02818,0.01112614172685855,
Q7Z417,Q05682,0.00860196397944414,
Q7Z417,Q07065,0.0035982485068272786,
Q7Z417,Q07866,0.010764755105932293,
Q7Z417,Q07954,0.010416536325530695,
Q7Z417,Q13162,0.2671951726259802,
Q7Z417,Q13263,0.0005154433324472555,
Q7Z417,Q14011,0.008805958304815616,
Q7Z417,Q14444,0.006013356196618391,
Q7Z417,Q15233,0.010245720930197122,
Q7Z417,Q15459,5.245192306087549e-05,
Q7Z417,Q15843,0.0013279670786514102,
Q7Z417,Q16629,0.01221532292820703,
Q7Z417,Q96HC4,0.001620592673873317,
Q7Z417,Q96KR1,0.00991369850992142,
Q7Z417,Q96L92,0.013005595223481381,
Q7Z417,Q9H0U4,0.00037406994337296095,
Q7Z417,Q9HAV7,0.00514516163875731,
Q7Z417,Q9NQP4,0.0023745561315474907,
Q7Z417,Q9NRX4,0.010944889525068701,
Q7Z417,Q9UHD8,0.0023934300148372033,
Q7Z417,Q9UJZ1,0.001422528970306857,
Q7Z417,Q9UMS6,0.019804679467816243,
Q7Z417,Q9UNH7,0.017974327067814506,
Q7Z417,Q9Y3D6,0.02193878595618869,
Q96HC4,O15143,0.003429135348099091,
Q96HC4,O43617,0.059008080117269275,
Q96HC4,O94925,0.007588973989887789,
Q96HC4,P00568,0.002701540189552883,
Q96HC4,P02652,0.00682390847942967,
Q96HC4,P04179,0.0037589344058656616,
Q96HC4,P05121,0.082339831643452,
Q96HC4,P05976,0.011679310274844638,
Q96HC4,P06753,0.011309551897573357,
Q96HC4,P07203,0.017570160173647317,
Q96HC4,P07339,0.00179780437280722,
Q96HC4,P12956,0.0028489088410272425,
Q96HC4,P13010,0.015383175360530837,
Q96HC4,P14314,0.08154914555840005,
Q96HC4,P15374,0.00939770333535301,
Q96HC4,P18859,0.0018972417901028877,
Q96HC4,P21281,0.009923153420689758,
Q96HC4,P23246,0.05771160671548436,
Q96HC4,P26022,0.011321746101345082,
Q96HC4,P26447,0.0008505648805724517,
Q96HC4,P27816,0.008772774309315516,
Q96HC4,P30048,0.005721245734511885,
Q96HC4,P30085,0.008247039448572753,
Q96HC4,P35222,0.009645937790248417,
Q96HC4,P36957,0.001959142996852714,
Q96HC4,P37837,0.0081553105724492,
Q96HC4,P38606,0.005269076888765658,
Q96HC4,P40926,0.0274619050510182,
Q96HC4,P42765,0.017757816632565242,
Q96HC4,P45877,0.0062246280868863664,
Q96HC4,P46379,0.00786026008742489,
Q96HC4,P48556,0.022575030328835788,
Q96HC4,P49756,0.003286932939194348,
Q96HC4,P52943,0.02477936190575101,
Q96HC4,P53621,0.002535413968532158,
Q96HC4,P56192,0.052374804003358345,
Q96HC4,P61981,0.011212406843241887,
Q96HC4,P62249,0.0013819536788870705,
Q96HC4,P62328,0.0009224590670426185,
Q96HC4,P62854,0.011525907003467522,
Q96HC4,P62888,0.0011508592509916259,
Q96HC4,P62906,0.0157147334105539,
Q96HC4,P62913,0.020025766064820413,
Q96HC4,P62917,0.008223740723597987,
Q96HC4,Q01995,0.01681923463131774,
Q96HC4,Q02218,0.004371440209616344,
Q96HC4,Q02818,0.0189988082271197,
Q96HC4,Q05682,0.010839317151347748,
Q96HC4,Q07065,0.017197334137973447,
Q96HC4,Q07866,0.021083142825994137,
Q96HC4,Q07954,0.002895946194496203,
Q96HC4,Q13162,0.0009062573816813427,
Q96HC4,Q13263,0.02672627164573403,
Q96HC4,Q14011,0.004683844564518777,
Q96HC4,Q14444,0.03357494905322042,
Q96HC4,Q15233,0.012047808609515643,
Q96HC4,Q15459,0.009535723399135297,
Q96HC4,Q15843,0.0016277328930093605,
Q96HC4,Q16629,0.017043317632723695,
Q96HC4,Q7Z417,0.03777386199052982,
Q96HC4,Q96KR1,0.0026872234078416345,
Q96HC4,Q96L92,0.0006849677099005716,
Q96HC4,Q9H0U4,0.003793846760067951,
Q96HC4,Q9HAV7,0.010052234674542195,
Q96HC4,Q9NQP4,0.024748818165164766,
Q96HC4,Q9NRX4,0.010504674003722172,
Q96HC4,Q9UHD8,0.01696608516334728,
Q96HC4,Q9UJZ1,0.0020302959024875353,
Q96HC4,Q9UMS6,0.0019281509917933298,
Q96HC4,Q9UNH7,0.008034259372738845,
Q96HC4,Q9Y3D6,0.00023772244306333038,
Q96KR1,O15143,0.006357097745179214,
Q96KR1,O43617,0.06974173212427175,
Q96KR1,O94925,0.027910319256710014,
Q96KR1,P00568,0.031275772557424954,
Q96KR1,P02652,0.014217574006915,
Q96KR1,P04179,0.0014130514080750096,
Q96KR1,P05121,0.010114758532885458,
Q96KR1,P05976,0.011311504869832987,
Q96KR1,P06753,0.017679545552918178,
Q96KR1,P07203,0.013031020103185895,
Q96KR1,P07339,0.009660313883787726,
Q96KR1,P12956,0.0014556926135112782,
Q96KR1,P13010,0.0020842687862208647,
Q96KR1,P14314,0.0028471270712032153,
Q96KR1,P15374,0.03633809211279628,
Q96KR1,P18859,0.061854562250000925,
Q96KR1,P21281,0.01148632201100258,
Q96KR1,P23246,0.0003789322052165354,
Q96KR1,P26022,0.0016304461687951116,
Q96KR1,P26447,0.007428442238663697,
Q96KR1,P27816,0.035872601341784244,
Q96KR1,P30048,0.010350209929266213,
Q96KR1,P30085,0.02574615689642526,
Q96KR1,P35222,0.026892391548034033,
Q96KR1,P36957,0.0005180092464989803,
Q96KR1,P37837,0.000538201136015625,
Q96KR1,P38606,0.0020398814155074703,
Q96KR1,P40926,0.010324605478863056,
Q96KR1,P42765,0.00045380227038470784,
Q96KR1,P45877,0.0002979283359840431,
Q96KR1,P46379,0.0035920238922400828,
Q96KR1,P48556,0.0004030598010949295,
Q96KR1,P49756,0.018674566767204907,
Q96KR1,P52943,0.009057407694667608,
Q96KR1,P53621,0.025411446323344026,
Q96KR1,P56192,0.005512275251774315,
Q96KR1,P61981,0.027232514896824038,
Q96KR1,P62249,0.000922953071457283,
Q96KR1,P62328,0.01540890280310441,
Q96KR1,P62854,0.00965725332537361,
Q96KR1,P62888,0.0009280776474058011,
Q96KR1,P62906,0.0018840317216440555,
Q96KR1,P62913,0.0019185820368501165,
Q96KR1,P62917,0.0015093359973811834,
Q96KR1,Q01995,0.01665402519054101,
Q96KR1,Q02218,0.0012468929969120675,
Q96KR1,Q02818,0.0021415996586310374,
Q96KR1,Q05682,0.0049938830274053716,
Q96KR1,Q07065,0.0016056486323014862,
Q96KR1,Q07866,0.0026502003130626363,
Q96KR1,Q07954,0.0004321310816250985,
Q96KR1,Q13162,0.04189002907087153,
Q96KR1,Q13263,0.0018794510831719124,
Q96KR1,Q14011,0.009229699736897266,
Q96KR1,Q14444,0.012295412640574566,
Q96KR1,Q15233,0.04290246862842727,
Q96KR1,Q15459,0.0037572329581891575,
Q96KR1,Q15843,0.0007872952019520277,
Q96KR1,Q16629,0.013946126983126028,
Q96KR1,Q7Z417,0.015457667056249513,
Q96KR1,Q96HC4,0.04118042226013362,
Q96KR1,Q96L92,0.0012906576457352118,
Q96KR1,Q9H0U4,0.028425718995267135,
Q96KR1,Q9HAV7,0.02225483952330906,
Q96KR1,Q9NQP4,0.02128071586895248,
Q96KR1,Q9NRX4,0.05275670905174556,
Q96KR1,Q9UHD8,0.018776501605650732,
Q96KR1,Q9UJZ1,0.017988440320956377,
Q96KR1,Q9UMS6,0.004610334413213278,
Q96KR1,Q9UNH7,0.02823947676542335,
Q96KR1,Q9Y3D6,0.004939916059576582,
Q96L92,O15143,0.010564614335017819,
Q96L92,O43617,0.00025355442523305094,
Q96L92,O94925,0.00882850192297029,
Q96L92,P00568,0.019843092658425404,
Q96L92,P02652,0.004188677258835951,
Q96L92,P04179,0.16420853643303537,
Q96L92,P05121,0.019098533815435394,
Q96L92,P05976,0.0011442143279149256,
Q96L92,P06753,9.990312191375018e-05,
Q96L92,P07203,0.003364697349127147,
Q96L92,P07339,0.0031717758980232286,
Q96L92,P12956,0.014809470216277239,
Q96L92,P13010,0.0008300643981511153,
Q96L92,P14314,0.015065654307007556,
Q96L92,P15374,0.0006958255145378421,
Q96L92,P18859,0.017190663482167075,
Q96L92,P21281,0.02746959012474448,
Q96L92,P23246,0.0017065214963016822,
Q96L92,P26022,0.01279065006427742,
Q96L92,P26447,0.0642904457251741,
Q96L92,P27816,0.0033501842848338375,
Q96L92,P30048,0.011529964230121467,
Q96L92,P30085,0.014044499431866564,
Q96L92,P35222,0.0016505639168985348,
Q96L92,P36957,0.0003635220355759156,
Q96L92,P37837,0.0006359314066507544,
Q96L92,P38606,0.0012764242152187094,
Q96L92,P40926,0.001773982869134708,
Q96L92,P42765,0.0021897535998960937,
Q96L92,P45877,0.02022697379015564,
Q96L92,P46379,0.04595212018977591,
Q96L92,P48556,0.009668087114797832,
Q96L92,P49756,0.002668703263473652,
Q96L92,P52943,0.008939390944894508,
Q96L92,P53621,0.0009727675076815203,
Q96L92,P56192,0.008945778153361648,
Q96L92,P61981,0.002564092921556036,
Q96L92,P62249,0.005350012134438633,
Q96L92,P62328,0.0040455528750875614,
Q96L92,P62854,0.02678640212633113,
Q96L92,P62888,0.004335715563336758,
Q96L92,P62906,0.009101143817576478,
Q96L92,P62913,0.009163206816703691,
Q96L92,P62917,0.009044632683307591,
Q96L92,Q01995,0.0016367004458074646,
Q96L92,Q02218,0.017675031100323604,
Q96L92,Q02818,0.03714579558405544,
Q96L92,Q05682,0.0004403771102724862,
Q96L92,Q07065,0.009643216848865942,
Q96L92,Q07866,0.0019053318984749254,
Q96L92,Q07954,0.06815655050664848,
Q96L92,Q13162,0.0167510599429465,
Q96L92,Q13263,0.0008618045085734166,
Q96L92,Q14011,0.02147843517132388,
Q96L92,Q14444,0.010214674203173544,
Q96L92,Q15233,0.0031141880780089027,
Q96L92,Q15459,0.009116322548988493,
Q96L92,Q15843,0.013505572859400372,
Q96L92,Q16629,0.01668471280010332,
Q96L92,Q7Z417,0.003885710105948306,
Q96L92,Q96HC4,0.00022123223411364438,
Q96L92,Q96KR1,0.02792916472088824,
Q96L92,Q9H0U4,0.019504156211872813,
Q96L92,Q9HAV7,0.01804849786550156,
Q96L92,Q9NQP4,0.0001761577691352942,
Q96L92,Q9NRX4,0.0015053107406401383,
Q96L92,Q9UHD8,0.004157980280644518,
Q96L92,Q9UJZ1,0.018535586100045034,
Q96L92,Q9UMS6,0.0416864285544104,
Q96L92,Q9UNH7,0.026352441294523368,
Q96L92,Q9Y3D6,0.00874222378350245,
Q9H0U4,O15143,0.006027511208300011,
Q9H0U4,O43617,0.002932179899000387,
Q9H0U4,O94925,0.0046195510415247545,
Q9H0U4,P00568,0.04653532473037288,
Q9H0U4,P02652,0.025159042068836363,
Q9H0U4,P04179,0.016167861782555627,
Q9H0U4,P05121,0.018081259261294568,
Q9H0U4,P05976,0.00422623116963181,
Q9H0U4,P06753,0.00392612978254317,
Q9H0U4,P07203,0.00017016482897358394,
Q9H0U4,P07339,0.005035203258897536,
Q9H0U4,P12956,0.023422879121596685,
Q9H0U4,P13010,0.02854377714190796,
Q9H0U4,P14314,0.024597713388756763,
Q9H0U4,P15374,0.011206887187412229,
Q9H0U4,P18859,0.02661974359964764,
Q9H0U4,P21281,0.008638347804073474,
Q9H0U4,P23246,0.02080368845442931,
Q9H0U4,P26022,0.005087323944919526,
Q9H0U4,P26447,0.027600550897654657,
Q9H0U4,P27816,0.002605356599704305,
Q9H0U4,P30048,0.005580989208641768,
Q9H0U4,P30085,0.019050001541371157,
Q9H0U4,P35222,0.001090684117094046,
Q9H0U4,P36957,0.028651459205224928,
Q9H0U4,P37837,0.02572621956874863,
Q9H0U4,P38606,0.01750671816963466,
Q9H0U4,P40926,0.011222956642540641,
Q9H0U4,P42765,0.00266923053185969,
Q9H0U4,P45877,0.0034815417415410047,
Q9H0U4,P46379,0.024579985725782544,
Q9H0U4,P48556,0.019040973724541544,
Q9H0U4,P49756,0.0017219535515915847,
Q9H0U4,P52943,0.04824742945939543,
Q9H0U4,P53621,0.0015835527681354374,
Q9H0U4,P56192,0.03336716831980903,
Q9H0U4,P61981,0.010059404884130312,
Q9H0U4,P62249,0.0012840490631029385,
Q9H0U4,P62328,0.0023827251612486373,
Q9H0U4,P62854,0.017875191272167388,
Q9H0U4,P62888,0.01033434262726667,
Q9H0U4,P62906,0.03727795862400524,
Q9H0U4,P62913,0.017953873275530052,
Q9H0U4,P62917,0.05235779550999609,
Q9H0U4,Q01995,0.0014851034595987963,
Q9H0U4,Q02218,0.0035526329034875613,
Q9H0U4,Q02818,0.025558946219832394,
Q9H0U4,Q05682,0.011946533120740609,
Q9H0U4,Q07065,0.026171382241903345,
Q9H0U4,Q07866,0.009762295124655665,
Q9H0U4,Q07954,0.010127317740016564,
Q9H0U4,Q13162,0.008092250438081273,
Q9H0U4,Q13263,0.020847868137964177,
Q9H0U4,Q14011,0.004681281941439894,
Q9H0U4,Q14444,0.009436709636163098,
Q9H0U4,Q15233,0.0022668552529111403,
Q9H0U4,Q15459,0.005783420584360811,
Q9H0U4,Q15843,0.01842325619185244,
Q9H0U4,Q16629,0.0038201074464768235,
Q9H0U4,Q7Z417,0.0248692165912232,
Q9H0U4,Q96HC4,0.006181154913133924,
Q9H0U4,Q96KR1,0.0002843109324049774,
Q9H0U4,Q96L92,9.33812324829104e-05,
Q9H0U4,Q9HAV7,0.010646783128440506,
Q9H0U4,Q9NQP4,0.011430102831978048,
Q9H0U4,Q9NRX4,0.0010995895062017715,
Q9H0U4,Q9UHD8,0.02746621462035195,
Q9H0U4,Q9UJZ1,0.0018636061305031025,
Q9H0U4,Q9UMS6,0.016771895683562202,
Q9H0U4,Q9UNH7,0.008873216106503868,
Q9H0U4,Q9Y3D6,0.0028519648074615007,
Q9HAV7,O15143,0.0024011226957833796,
Q9HAV7,O43617,0.017643948683977225,
Q9HAV7,O94925,0.06221849458701225,
Q9HAV7,P00568,0.0021961532533426712,
Q9HAV7,P02652,0.013216076806400613,
Q9HAV7,P04179,0.005700259734324126,
Q9HAV7,P05121,0.011027579149513592,
Q9HAV7,P05976,0.016960789119570805,
Q9HAV7,P06753,0.0010053047177780406,
Q9HAV7,P07203,0.002397633406241787,
Q9HAV7,P07339,0.009922869739350507,
Q9HAV7,P12956,0.024990448645447784,
Q9HAV7,P13010,0.019931735791599965,
Q9HAV7,P14314,0.009207840032947329,
Q9HAV7,P15374,0.003107463017830353,
Q9HAV7,P18859,0.018304031620803806,
Q9HAV7,P21281,0.004329765683221535,
Q9HAV7,P23246,0.02285838360263087,
Q9HAV7,P26022,0.03335862586311402,
Q9HAV7,P26447,0.008986797616767975,
Q9HAV7,P27816,0.02461540490424389,
Q9HAV7,P30048,0.003010067608875635,
Q9HAV7,P30085,0.003128789053883822,
Q9HAV7,P35222,0.024851948799305492,
Q9HAV7,P36957,0.009419363218969521,
Q9HAV7,P37837,0.0017728193090209821,
Q9HAV7,P38606,0.003114174523810681,
Q9HAV7,P40926,0.003501248406642019,
Q9HAV7,P42765,0.0001743851446256988,
Q9HAV7,P45877,0.061112090811923904,
Q9HAV7,P46379,0.03591882677296732,
Q9HAV7,P48556,0.020697871587763594,
Q9HAV7,P49756,0.0005393716532104804,
Q9HAV7,P52943,0.00297105364954135,
Q9HAV7,P53621,0.0017901587296795538,
Q9HAV7,P56192,0.02982535207103569,
Q9HAV7,P61981,0.000758082712662631,
Q9HAV7,P62249,0.024441088897157858,
Q9HAV7,P62328,0.007210792215392229,
Q9HAV7,P62854,0.0009736541647653867,
Q9HAV7,P62888,0.007446566379241388,
Q9HAV7,P62906,0.03769609050146179,
Q9HAV7,P62913,0.028128626091777447,
Q9HAV7,P62917,0.01688943622368079,
Q9HAV7,Q01995,0.010781696894065598,
Q9HAV7,Q02218,0.0166346580250519,
Q9HAV7,Q02818,0.010085580083066885,
Q9HAV7,Q05682,0.010819171360948305,
Q9HAV7,Q07065,0.006049608966177778,
Q9HAV7,Q07866,0.01919145560833368,
Q9HAV7,Q07954,0.0015424774474893516,
Q9HAV7,Q13162,0.006591407721781921,
Q9HAV7,Q13263,0.0342323830700259,
Q9HAV7,Q14011,0.0124340763539231,
Q9HAV7,Q14444,0.014233598956348029,
Q9HAV7,Q15233,0.0017310228180713006,
Q9HAV7,Q15459,0.012713029490933376,
Q9HAV7,Q15843,0.0017185204557690365,
Q9HAV7,Q16629,0.030610174206957233,
Q9HAV7,Q7Z417,0.018812412576064415,
Q9HAV7,Q96HC4,0.016909217356565018,
Q9HAV7,Q96KR1,0.0020303216675268006,
Q9HAV7,Q96L92,0.002454786435836539,
Q9HAV7,Q9H0U4,0.03279037459934212,
Q9HAV7,Q9NQP4,0.016970411573116236,
Q9HAV7,Q9NRX4,0.04519933155680808,
Q9HAV7,Q9UHD8,0.0027491610684033307,
Q9HAV7,Q9UJZ1,0.014483195687455253,
Q9HAV7,Q9UMS6,0.0005417148207593625,
Q9HAV7,Q9UNH7,0.0008889801614333359,
Q9HAV7,Q9Y3D6,0.0023814186492291255,
Q9NQP4,O15143,0.011311918505191875,
Q9NQP4,O43617,0.023624519962661492,
Q9NQP4,O94925,0.018499248395537085,
Q9NQP4,P00568,0.021013325281501696,
Q9NQP4,P02652,0.004027571450787825,
Q9NQP4,P04179,0.00854865200656501,
Q9NQP4,P05121,0.009573419633095753,
Q9NQP4,P05976,0.027826754201381664,
Q9NQP4,P06753,0.0012647850666000753,
Q9NQP4,P07203,0.009117376783198475,
Q9NQP4,P07339,0.0006094913992498178,
Q9NQP4,P12956,0.027350991052121344,
Q9NQP4,P13010,0.015463928316430946,
Q9NQP4,P14314,0.01644709757458377,
Q9NQP4,P15374,0.0026134323029981467,
Q9NQP4,P18859,0.01056366258762183,
Q9NQP4,P21281,0.0026320619664871605,
Q9NQP4,P23246,0.0442977346379035,
Q9NQP4,P26022,0.017342640795287103,
Q9NQP4,P26447,0.023108507630958296,
Q9NQP4,P27816,0.018328105898235234,
Q9NQP4,P30048,0.009804145212637205,
Q9NQP4,P30085,0.02511011099167609,
Q9NQP4,P35222,0.028812934986987625,
Q9NQP4,P36957,0.0004640501215638898,
Q9NQP4,P37837,0.018710774767112078,
Q9NQP4,P38606,0.0003486671033853755,
Q9NQP4,P40926,0.006675521767331459,
Q9NQP4,P42765,0.0005100361914956351,
Q9NQP4,P45877,0.018124245191005733,
Q9NQP4,P46379,0.025498324603192693,
Q9NQP4,P48556,0.03540976842758212,
Q9NQP4,P49756,0.0014491416139124278,
Q9NQP4,P52943,0.02769490715331511,
Q9NQP4,P53621,0.002397832796614461,
Q9NQP4,P56192,0.0,
Q9NQP4,P61981,0.007543664492267062,
Q9NQP4,P62249,0.009401021514387042,
Q9NQP4,P62328,0.008601266220209753,
Q9NQP4,P62854,0.0015566655814111866,
Q9NQP4,P62888,0.008369763232159072,
Q9NQP4,P62906,0.024954416189518845,
Q9NQP4,P62913,0.02079080964167499,
Q9NQP4,P62917,0.03224887819747779,
Q9NQP4,Q01995,0.0011239649521193656,
Q9NQP4,Q02218,0.012347353264460976,
Q9NQP4,Q02818,0.01749864862123164,
Q9NQP4,Q05682,0.008262112923583637,
Q9NQP4,Q07065,0.003144887003977748,
Q9NQP4,Q07866,0.015740742311270216,
Q9NQP4,Q07954,0.0001787046574045389,
Q9NQP4,Q13162,0.009166910864091665,
Q9NQP4,Q13263,0.012395556175638143,
Q9NQP4,Q14011,0.002906300992541658,
Q9NQP4,Q14444,0.017468079774763955,
Q9NQP4,Q15233,0.023086659150557014,
Q9NQP4,Q15459,0.018653627894695532,
Q9NQP4,Q15843,0.0021877969068413816,
Q9NQP4,Q16629,0.0018374829324901186,
Q9NQP4,Q7Z417,0.01652208899048806,
Q9NQP4,Q96HC4,0.0005315344618861368,
Q9NQP4,Q96KR1,0.0014929616173124736,
Q9NQP4,Q96L92,0.003051259632449538,
Q9NQP4,Q9H0U4,0.011581333021224811,
Q9NQP4,Q9HAV7,0.053677122300503886,
Q9NQP4,Q9NRX4,0.03387350504578545,
Q9NQP4,Q9UHD8,0.025288453505118564,
Q9NQP4,Q9UJZ1,5.6152244830031717e-05,
Q9NQP4,Q9UMS6,0.03641726056126227,
Q9NQP4,Q9UNH7,0.0210299427550659,
Q9NQP4,Q9Y3D6,0.011658026438973656,
Q9NRX4,O15143,0.0016147968807273072,
Q9NRX4,O43617,0.03434721022658593,
Q9NRX4,O94925,0.04372982648143694,
Q9NRX4,P00568,0.011400864721407113,
Q9NRX4,P02652,0.002347076548766093,
Q9NRX4,P04179,0.03434132085010809,
Q9NRX4,P05121,0.0032604910866826913,
Q9NRX4,P05976,0.00046154935755302913,
Q9NRX4,P06753,0.01879793535291692,
Q9NRX4,P07203,0.009074881569633741,
Q9NRX4,P07339,0.030279576489010012,
Q9NRX4,P12956,0.06060662445983587,
Q9NRX4,P13010,0.010525124542749599,
Q9NRX4,P14314,0.016484898458146633,
Q9NRX4,P15374,0.0015048802490496749,
Q9NRX4,P18859,0.013625280130449325,
Q9NRX4,P21281,0.0008304439201041874,
Q9NRX4,P23246,0.003616518584019886,
Q9NRX4,P26022,0.0003730794232180443,
Q9NRX4,P26447,0.12057993289118976,
Q9NRX4,P27816,0.0013221584127167574,
Q9NRX4,P30048,0.003958986984975429,
Q9NRX4,P30085,0.019516720881981336,
Q9NRX4,P35222,0.011563841237684128,
Q9NRX4,P36957,0.0022158533294585818,
Q9NRX4,P37837,0.009779586450335236,
Q9NRX4,P38606,0.0010462148514197003,
Q9NRX4,P40926,0.005406152474306969,
Q9NRX4,P42765,0.002038868732558465,
Q9NRX4,P45877,0.024903083900547723,
Q9NRX4,P46379,0.12983916527969158,
Q9NRX4,P48556,0.02831215546960709,
Q9NRX4,P49756,0.0033810482277296544,
Q9NRX4,P52943,0.00016523705275913735,
Q9NRX4,P53621,0.0002215092848408377,
Q9NRX4,P56192,0.004602380623660189,
Q9NRX4,P61981,0.0002558600232900847,
Q9NRX4,P62249,0.011683610830621687,
Q9NRX4,P62328,0.0033935697586462317,
Q9NRX4,P62854,0.0025910050096269554,
Q9NRX4,P62888,0.0009063790289164112,
Q9NRX4,P62906,0.009030978554639418,
Q9NRX4,P62913,0.00022214629703763773,
Q9NRX4,P62917,0.004907277848658203,
Q9NRX4,Q01995,0.003041078655176154,
Q9NRX4,Q02218,0.0039829987393746194,
Q9NRX4,Q02818,0.020231290605664358,
Q9NRX4,Q05682,0.0019815592161562382,
Q9NRX4,Q07065,0.00296284348711854,
Q9NRX4,Q07866,0.006694870604461528,
Q9NRX4,Q07954,0.007372566956296778,
Q9NRX4,Q13162,0.01162157967057751,
Q9NRX4,Q13263,0.012282083689896361,
Q9NRX4,Q14011,0.0021313337673694054,
Q9NRX4,Q14444,0.0010796997279985412,
Q9NRX4,Q15233,0.005285710531031397,
Q9NRX4,Q15459,0.03621852497229619,
Q9NRX4,Q15843,0.00029546022194907576,
Q9NRX4,Q16629,0.0013634283048231009,
Q9NRX4,Q7Z417,0.012489743164031444,
Q9NRX4,Q96HC4,0.009562580121849793,
Q9NRX4,Q96KR1,0.0186010719695283,
Q9NRX4,Q96L92,0.000598288480105843,
Q9NRX4,Q9H0U4,0.021349616185964492,
Q9NRX4,Q9HAV7,0.024001858342543207,
Q9NRX4,Q9NQP4,0.02885266310463546,
Q9NRX4,Q9UHD8,0.03644741659697178,
Q9NRX4,Q9UJZ1,0.0015846969058276605,
Q9NRX4,Q9UMS6,0.0020641057699677763,
Q9NRX4,Q9UNH7,0.017926805795596797,
Q9NRX4,Q9Y3D6,0.0003679654288246809,
Q9UHD8,O15143,0.0029386756146570396,
Q9UHD8,O43617,0.046167896022853566,
Q9UHD8,O94925,0.012902538756880013,
Q9UHD8,P00568,0.0019290248707411186,
Q9UHD8,P02652,0.002178207616927756,
Q9UHD8,P04179,0.010610485473445683,
Q9UHD8,P05121,0.02568560425154552,
Q9UHD8,P05976,0.012539062422759428,
Q9UHD8,P06753,0.0018405616222599878,
Q9UHD8,P07203,0.00047784420951990284,
Q9UHD8,P07339,0.016929786763441167,
Q9UHD8,P12956,0.015333873309614698,
Q9UHD8,P13010,0.01892679038763037,
Q9UHD8,P14314,0.034325234928625485,
Q9UHD8,P15374,0.002155238815141664,
Q9UHD8,P18859,0.019922129617749508,
Q9UHD8,P21281,0.020745318353214567,
Q9UHD8,P23246,0.10198686616174635,
Q9UHD8,P26022,0.014298603894636783,
Q9UHD8,P26447,0.0008609568738356091,
Q9UHD8,P27816,0.0024640955862435814,
Q9UHD8,P30048,0.001757234733849413,
Q9UHD8,P30085,0.03617756054936101,
Q9UHD8,P35222,0.016246754256735753,
Q9UHD8,P36957,0.016324699510153605,
Q9UHD8,P37837,0.00406057902901369,
Q9UHD8,P38606,0.004462658078145761,
Q9UHD8,P40926,0.05077507523168946,
Q9UHD8,P42765,0.0017838773241599384,
Q9UHD8,P45877,0.010653451995953942,
Q9UHD8,P46379,0.01803898468245029,
Q9UHD8,P48556,0.0030566055476370924,
Q9UHD8,P49756,0.011334815192736367,
Q9UHD8,P52943,0.00022024363739301775,
Q9UHD8,P53621,0.0030684054251279426,
Q9UHD8,P56192,0.04450370623969519,
Q9UHD8,P61981,5.5942975211157224e-05,
Q9UHD8,P62249,0.004381257573528342,
Q9UHD8,P62328,0.0007117029516028817,
Q9UHD8,P62854,0.0031887633275766636,
Q9UHD8,P62888,0.009854346956324098,
Q9UHD8,P62906,0.017633501951801054,
Q9UHD8,P62913,0.002919831338890719,
Q9UHD8,P62917,0.00033365640803249017,
Q9UHD8,Q01995,0.01244150489511226,
Q9UHD8,Q02218,0.017379939089363437,
Q9UHD8,Q02818,0.00884667848070026,
Q9UHD8,Q05682,0.0005750871330143635,
Q9UHD8,Q07065,0.03433222346632836,
Q9UHD8,Q07866,0.041370341029599154,
Q9UHD8,Q07954,0.004175498118471005,
Q9UHD8,Q13162,0.018533648810505357,
Q9UHD8,Q13263,0.04653853530566767,
Q9UHD8,Q14011,0.008174027022754451,
Q9UHD8,Q14444,0.01995370363702553,
Q9UHD8,Q15233,0.01413154456183578,
Q9UHD8,Q15459,0.007799341755094403,
Q9UHD8,Q15843,0.0019433753711268935,
Q9UHD8,Q16629,0.001348527115369805,
Q9UHD8,Q7Z417,0.0135488042815569,
Q9UHD8,Q96HC4,0.018903499526423954,
Q9UHD8,Q96KR1,0.0004497925733696425,
Q9UHD8,Q96L92,0.0008064987183679713,
Q9UHD8,Q9H0U4,0.008818615922536294,
Q9UHD8,Q9HAV7,0.00747127339659204,
Q9UHD8,Q9NQP4,0.013815339669243747,
Q9UHD8,Q9NRX4,0.005060639805373887,
Q9UHD8,Q9UJZ1,0.01350304625560439,
Q9UHD8,Q9UMS6,0.0018313075561346764,
Q9UHD8,Q9UNH7,0.038616060603193864,
Q9UHD8,Q9Y3D6,0.008716073551090464,
Q9UJZ1,O15143,0.02607723051074697,
Q9UJZ1,O43617,0.027210595983508595,
Q9UJZ1,O94925,0.0012348390360520933,
Q9UJZ1,P00568,0.0027511330850290283,
Q9UJZ1,P02652,0.020362491513985486,
Q9UJZ1,P04179,0.00728705095033042,
Q9UJZ1,P05121,0.0017005540410959447,
Q9UJZ1,P05976,0.0011159421057155843,
Q9UJZ1,P06753,0.0007966335049327167,
Q9UJZ1,P07203,0.029093905377245922,
Q9UJZ1,P07339,0.022704517689828244,
Q9UJZ1,P12956,0.0032545462917231423,
Q9UJZ1,P13010,0.02849279653962963,
Q9UJZ1,P14314,0.019497604087288154,
Q9UJZ1,P15374,0.0009669283346082434,
Q9UJZ1,P18859,0.0006108968724309561,
Q9UJZ1,P21281,0.08383522533040823,
Q9UJZ1,P23246,0.01925436633516496,
Q9UJZ1,P26022,0.010175720554464569,
Q9UJZ1,P26447,0.0011065906020324456,
Q9UJZ1,P27816,0.0003010511555878002,
Q9UJZ1,P30048,0.0002835540359221387,
Q9UJZ1,P30085,0.0013837952157977728,
Q9UJZ1,P35222,0.0076355601215271005,
Q9UJZ1,P36957,0.011964325414917454,
Q9UJZ1,P37837,0.0029598620479684363,
Q9UJZ1,P38606,0.028587203091788603,
Q9UJZ1,P40926,0.0003847612381791999,
Q9UJZ1,P42765,0.017802405585668556,
Q9UJZ1,P45877,0.005156733291198661,
Q9UJZ1,P46379,0.0010254418676137233,
Q9UJZ1,P48556,0.009010980666772783,
Q9UJZ1,P49756,0.01936677713513116,
Q9UJZ1,P52943,0.010215105288238237,
Q9UJZ1,P53621,0.013772318594334573,
Q9UJZ1,P56192,0.01819416656787301,
Q9UJZ1,P61981,0.004706896766239491,
Q9UJZ1,P62249,0.01066360418444089,
Q9UJZ1,P62328,0.00021514764860451656,
Q9UJZ1,P62854,0.1427435385902781,
Q9UJZ1,P62888,0.005895582529148399,
Q9UJZ1,P62906,0.002111472483632939,
Q9UJZ1,P62913,0.02578798819892756,
Q9UJZ1,P62917,0.0004216701192595727,
Q9UJZ1,Q01995,0.006809311241104609,
Q9UJZ1,Q02218,0.009984591899716705,
Q9UJZ1,Q02818,0.00807770795527864,
Q9UJZ1,Q05682,0.0013802702000455126,
Q9UJZ1,Q07065,0.00249536396588347,
Q9UJZ1,Q07866,0.00011388117231835531,
Q9UJZ1,Q07954,0.029531067661915246,
Q9UJZ1,Q13162,0.0003036598117977684,
Q9UJZ1,Q13263,0.003908935003342881,
Q9UJZ1,Q14011,0.03406689669539058,
Q9UJZ1,Q14444,0.020262604367917058,
Q9UJZ1,Q15233,0.00031793173271414834,
Q9UJZ1,Q15459,0.010600574260583216,
Q9UJZ1,Q15843,0.037760852712861566,
Q9UJZ1,Q16629,0.0007883266239987391,
Q9UJZ1,Q7Z417,0.014819633821781093,
Q9UJZ1,Q96HC4,0.010626939012813785,
Q9UJZ1,Q96KR1,0.009552742097677518,
Q9UJZ1,Q96L92,0.011358006324693366,
Q9UJZ1,Q9H0U4,0.0006329329454906934,
Q9UJZ1,Q9HAV7,0.0037972123668699024,
Q9UJZ1,Q9NQP4,0.010593104445523784,
Q9UJZ1,Q9NRX4,0.00018691146018190788,
Q9UJZ1,Q9UHD8,0.002010604117836672,
Q9UJZ1,Q9UMS6,0.01862310205624186,
Q9UJZ1,Q9UNH7,0.07924492237582993,
Q9UJZ1,Q9Y3D6,0.011607554838488849,
Q9UMS6,O15143,0.017195941639972092,
Q9UMS6,O43617,0.013326903142772042,
Q9UMS6,O94925,0.03030771759876218,
Q9UMS6,P00568,0.00517877916073381,
Q9UMS6,P02652,0.0056343013847959126,
Q9UMS6,P04179,0.04944883882383289,
Q9UMS6,P05121,0.0006634341495363247,
Q9UMS6,P05976,0.003930808259310874,
Q9UMS6,P06753,0.005775779235703258,
Q9UMS6,P07203,0.001576535330352173,
Q9UMS6,P07339,0.02196196342532859,
Q9UMS6,P12956,0.010904465242541914,
Q9UMS6,P13010,0.01414908671573298,
Q9UMS6,P14314,0.0028125485983471455,
Q9UMS6,P15374,0.009241213406834849,
Q9UMS6,P18859,0.016972125410414624,
Q9UMS6,P21281,0.01686116810627139,
Q9UMS6,P23246,0.0006340781951807101,
Q9UMS6,P26022,0.008445139015076087,
Q9UMS6,P26447,0.036023022675685995,
Q9UMS6,P27816,0.033354779339731855,
Q9UMS6,P30048,0.015245273486630547,
Q9UMS6,P30085,0.0068780305830464464,
Q9UMS6,P35222,0.023853351218037003,
Q9UMS6,P36957,0.016707225308571227,
Q9UMS6,P37837,0.0001687870412936975,
Q9UMS6,P38606,0.010639197292591858,
Q9UMS6,P40926,0.017702046911363026,
Q9UMS6,P42765,0.00813058896156693,
Q9UMS6,P45877,0.04158379606596051,
Q9UMS6,P46379,0.03668128353215841,
Q9UMS6,P48556,0.030984670503846744,
Q9UMS6,P49756,0.00983088553353353,
Q9UMS6,P52943,0.0007775040376914211,
Q9UMS6,P53621,1.0335276926945558e-05,
Q9UMS6,P56192,0.00228678179941583,
Q9UMS6,P61981,0.005286946473866913,
Q9UMS6,P62249,0.00982656088276928,
Q9UMS6,P62328,0.009839248445277012,
Q9UMS6,P62854,0.009081528853217238,
Q9UMS6,P62888,0.0025436801462247944,
Q9UMS6,P62906,0.008816326757581806,
Q9UMS6,P62913,0.010701326787359102,
Q9UMS6,P62917,0.0029111912740794215,
Q9UMS6,Q01995,0.013091184947657635,
Q9UMS6,Q02218,0.02661442825830445,
Q9UMS6,Q02818,0.018650037903032112,
Q9UMS6,Q05682,0.013630219595651156,
Q9UMS6,Q07065,3.5342582054190234e-05,
Q9UMS6,Q07866,0.011114583352832363,
Q9UMS6,Q07954,0.0032167378739399954,
Q9UMS6,Q13162,0.006844927280694824,
Q9UMS6,Q13263,0.0137042396648387,
Q9UMS6,Q14011,0.009059083484089398,
Q9UMS6,Q14444,0.017872568872294537,
Q9UMS6,Q15233,0.008715473610096886,
Q9UMS6,Q15459,0.006985947681694903,
Q9UMS6,Q15843,0.000565380589683115,
Q9UMS6,Q16629,0.024793610700783075,
Q9UMS6,Q7Z417,0.0010002719543145547,
Q9UMS6,Q96HC4,0.02378777759038667,
Q9UMS6,Q96KR1,0.01472372157325992,
Q9UMS6,Q96L92,0.00827488312072746,
Q9UMS6,Q9H0U4,0.04180283577386267,
Q9UMS6,Q9HAV7,0.039510674961485345,
Q9UMS6,Q9NQP4,0.018916180280376237,
Q9UMS6,Q9NRX4,0.011322570123670616,
Q9UMS6,Q9UHD8,0.027845986590522287,
Q9UMS6,Q9UJZ1,0.0016881427080959854,
Q9UMS6,Q9UNH7,0.038586944489132385,
Q9UMS6,Q9Y3D6,0.008584764372139495,
Q9UNH7,O15143,0.004953990251447378,
Q9UNH7,O43617,0.0441289253105516,
Q9UNH7,O94925,0.008448179689360453,
Q9UNH7,P00568,0.0007555752067185583,
Q9UNH7,P02652,0.0016069940234910728,
Q9UNH7,P04179,0.0683361764205093,
Q9UNH7,P05121,0.0011015239732611293,
Q9UNH7,P05976,0.003240108333175249,
Q9UNH7,P06753,0.00589766929156607,
Q9UNH7,P07203,0.031104492169681808,
Q9UNH7,P07339,0.00850084184908501,
Q9UNH7,P12956,0.032388480255825816,
Q9UNH7,P13010,0.018454435759029365,
Q9UNH7,P14314,0.002388504500886685,
Q9UNH7,P15374,0.0014753193783921198,
Q9UNH7,P18859,0.0037729806598278148,
Q9UNH7,P21281,0.005161762782335943,
Q9UNH7,P23246,0.0016614708327718723,
Q9UNH7,P26022,0.012932488919660812,
Q9UNH7,P26447,0.07112240244595776,
Q9UNH7,P27816,0.0013408850223247818,
Q9UNH7,P30048,0.03163649701514538,
Q9UNH7,P30085,0.026421777422230727,
Q9UNH7,P35222,0.02932825069132893,
Q9UNH7,P36957,0.0038855226213167105,
Q9UNH7,P37837,0.0032924863990974424,
Q9UNH7,P38606,0.003382011637482532,
Q9UNH7,P40926,0.020688854375933378,
Q9UNH7,P42765,0.0004812833142267024,
Q9UNH7,P45877,0.004723094842149786,
Q9UNH7,P46379,0.16323143051974148,
Q9UNH7,P48556,0.010543674202375652,
Q9UNH7,P49756,0.018187675565372242,
Q9UNH7,P52943,0.010111418376598711,
Q9UNH7,P53621,0.0002655959214084306,
Q9UNH7,P56192,0.010446890028296709,
Q9UNH7,P61981,0.0023964419478424985,
Q9UNH7,P62249,0.008080802305108846,
Q9UNH7,P62328,0.001381750329978701,
Q9UNH7,P62854,0.00959027127949852,
Q9UNH7,P62888,0.008978584753296479,
Q9UNH7,P62906,0.01802144656282413,
Q9UNH7,P62913,0.010306690099929173,
Q9UNH7,P62917,8.201530798715063e-05,
Q9UNH7,Q01995,0.0009142914367927465,
Q9UNH7,Q02218,0.01012904802140086,
Q9UNH7,Q02818,0.014232325158190218,
Q9UNH7,Q05682,4.245850838519279e-06,
Q9UNH7,Q07065,0.0015133261397814683,
Q9UNH7,Q07866,0.00839385624304304,
Q9UNH7,Q07954,0.00230935084422382,
Q9UNH7,Q13162,0.019059412449150815,
Q9UNH7,Q13263,0.00939086558201509,
Q9UNH7,Q14011,0.02257863249756944,
Q9UNH7,Q14444,0.0029134042377215626,
Q9UNH7,Q15233,0.010441664317160733,
Q9UNH7,Q15459,0.025685167628330244,
Q9UNH7,Q15843,0.009907128297578534,
Q9UNH7,Q16629,0.010125652216961984,
Q9UNH7,Q7Z417,0.010129804818734095,
Q9UNH7,Q96HC4,0.002159443121435799,
Q9UNH7,Q96KR1,0.001966206378766979,
Q9UNH7,Q96L92,0.0005174642205296492,
Q9UNH7,Q9H0U4,0.003389541731018543,
Q9UNH7,Q9HAV7,0.028655745437882962,
Q9UNH7,Q9NQP4,0.010585884662459038,
Q9UNH7,Q9NRX4,0.010036955551357698,
Q9UNH7,Q9UHD8,0.0004890635346397414,
Q9UNH7,Q9UJZ1,0.00010068599705830617,
Q9UNH7,Q9UMS6,0.03680539367711594,
Q9UNH7,Q9Y3D6,0.003506556593190616,
Q9Y3D6,O15143,0.00900530424176035,
Q9Y3D6,O43617,0.00315675987238445,
Q9Y3D6,O94925,0.0007684107186912078,
Q9Y3D6,P00568,0.0071340482484207315,
Q9Y3D6,P02652,0.027526837401295367,
Q9Y3D6,P04179,0.01083857069334106,
Q9Y3D6,P05121,0.0014842610448781712,
Q9Y3D6,P05976,0.0018979042072889863,
Q9Y3D6,P06753,0.02013140873253605,
Q9Y3D6,P07203,0.05497163831769946,
Q9Y3D6,P07339,0.034249630011089154,
Q9Y3D6,P12956,0.002006237931604201,
Q9Y3D6,P13010,0.006571496786625307,
Q9Y3D6,P14314,0.002282035587071365,
Q9Y3D6,P15374,0.009723651643350938,
Q9Y3D6,P18859,0.001138738406974113,
Q9Y3D6,P21281,0.010500773868683422,
Q9Y3D6,P23246,0.011155089810867404,
Q9Y3D6,P26022,0.001413776136536361,
Q9Y3D6,P26447,0.007673541979141603,
Q9Y3D6,P27816,0.016462470372627436,
Q9Y3D6,P30048,0.03370144591145967,
Q9Y3D6,P30085,0.00303891717531137,
Q9Y3D6,P35222,0.0002813744461310551,
Q9Y3D6,P36957,5.815552290036548e-05,
Q9Y3D6,P37837,0.01145891946429836,
Q9Y3D6,P38606,0.002302810397606081,
Q9Y3D6,P40926,0.006743884922196598,
Q9Y3D6,P42765,0.010610173271658785,
Q9Y3D6,P45877,0.014362566819973454,
Q9Y3D6,P46379,0.016612509338274625,
Q9Y3D6,P48556,8.870633236947264e-05,
Q9Y3D6,P49756,0.0004814920586327281,
Q9Y3D6,P52943,0.00019910858695951466,
Q9Y3D6,P53621,0.012296332295852246,
Q9Y3D6,P56192,0.0023594410621863198,
Q9Y3D6,P61981,0.0005973069975004108,
Q9Y3D6,P62249,0.007619447775421519,
Q9Y3D6,P62328,0.0012609573071820231,
Q9Y3D6,P62854,0.006745865226122476,
Q9Y3D6,P62888,0.06064636006011155,
Q9Y3D6,P62906,0.0007964675095160714,
Q9Y3D6,P62913,0.004769412403658745,
Q9Y3D6,P62917,0.003619241319436173,
Q9Y3D6,Q01995,0.018633291673388806,
Q9Y3D6,Q02218,0.0017640866332505505,
Q9Y3D6,Q02818,0.001502687010351009,
Q9Y3D6,Q05682,0.00668882764152537,
Q9Y3D6,Q07065,0.0013705748328374687,
Q9Y3D6,Q07866,0.0022543481167440747,
Q9Y3D6,Q07954,0.01860847948947603,
Q9Y3D6,Q13162,0.027046983143333262,
Q9Y3D6,Q13263,0.007911124156893002,
Q9Y3D6,Q14011,0.0005624842647399785,
Q9Y3D6,Q14444,0.0015234629586463107,
Q9Y3D6,Q15233,0.004985982821412221,
Q9Y3D6,Q15459,6.429557684098354e-05,
Q9Y3D6,Q15843,0.0034127905033791623,
Q9Y3D6,Q16629,0.00023115633150559887,
Q9Y3D6,Q7Z417,0.006390988498311916,
Q9Y3D6,Q96HC4,0.0008017042009164539,
Q9Y3D6,Q96KR1,0.0011954408805049416,
Q9Y3D6,Q96L92,0.01006648797424805,
Q9Y3D6,Q9H0U4,0.02110777205877812,
Q9Y3D6,Q9HAV7,0.010149139508225628,
Q9Y3D6,Q9NQP4,0.0004987401249820646,
Q9Y3D6,Q9NRX4,0.0007314343482679469,
Q9Y3D6,Q9UHD8,0.01005693989312856,
Q9Y3D6,Q9UJZ1,0.05110974767351297,
Q9Y3D6,Q9UMS6,0.009485395836641158,
Q9Y3D6,Q9UNH7,0.0019847791073951183,
